0.20978378657704203
0.06544170469463428
0.05786226594072079
0.05610693855402626
0.05524971015820993
0.054870389436728485
0.054545929376906326
0.05432304532798094
0.0541232756260678
0.05396570051175969
0.053870754699422936
0.05386414754892064
0.05370605568114285
0.0537188220072851
0.053680770099163055
0.05383643709889082
0.05377468552057431
0.05387907746796296
0.053956894430323185
0.05399060449519447
0.05395172968089024
0.05417333346591375
0.054223573218299966
0.054184521539746046
0.054284926399449325
0.054324127037391486
0.05429174094765543
0.054383524945963206
0.05443368751172707
0.054489795780070474
0.05449998077597017
0.05458464741567585
0.05493749199417707
0.054524785865133055
0.054436346254894664
0.054323879758192
0.0549402318581521
0.054372412352779204
0.054512839520646034
0.05444680678301325
0.05441466181008058
0.05453630345307778
0.05475517043791642
0.0543035606670881
0.05476334080030428
0.054540356934488374
0.05493396146344804
0.05541443393052181
0.05505500213356219
0.055804207729541255
0.054954735562205315
0.05459960941747527
0.054788599574120245
0.055729116722245085
0.05442432382048291
0.05440158195027681
0.05430440023262924
0.05435815225485886
0.05406353039510339
0.05414401334231702
0.05418981359314139
0.05656718840457012
0.05391018372899461
0.05428497764830277
0.053676016054281565
0.05419401720026943
0.05359230986056484
0.05448309062309911
0.05460718160965175
0.053560445694444334
0.0534535937672742
0.0593825408092169
0.05857319205511953
0.053575823205375225
0.053257250096474855
0.053477899980879276
0.06637664896514371
0.058818734955982624
0.05541963427910738
0.05435385022347219
0.05351500146996195
0.05323847151735676
0.05321273369557947
0.053137932373123746
0.053117497937283785
0.053492240747001686
0.05414821479086564
0.05488785979485957
0.053114989232794146
0.05279404327064474
0.052970957411366086
0.05289600793028546
0.05295090711562433
0.05285743528228497
0.05285863682766941
0.052833538189112586
0.05384596522514508
0.05320332246336425
0.053100023122730655
0.05282429410753963
0.05270602169368312
0.05271730450129954
0.05287423012691123
0.052966942941056236
0.05253262784784642
0.052580737587168955
0.05268444242739232
0.052799748779039514
0.05263162903905472
0.053846909011775086
0.05263451337118015
0.05267496358289897
0.052564247032610055
0.05270240252193446
0.05274952683493356
0.05246642790734768
0.05296015332096091
0.052366247470273034
0.05255553321303608
0.05289651326417366
0.05279973675018159
0.05305894737558387
0.052991472463184426
0.052936865539055
0.05235659365899095
0.05301685333600111
0.05259265555678127
0.052578152183478125
0.052117655523748044
0.052057989933919684
0.05215419741852261
0.052234035281238156
0.052237939141760364
0.05235507678693143
0.053462609317954456
0.052231067791581154
0.05217544643956924
0.05176754121746972
0.05330570736708485
0.05234428841585868
0.05204269246450652
0.05353834581013038
0.05409412989479916
0.05212551713964649
0.051865891039928544
0.052262593112955585
0.05207872831166905
0.05296110779604065
0.05180889785846817
0.05939602561155769
0.05261635705480509
0.053994453016007055
0.05225095260783891
0.05210967005065111
0.0521427167005071
0.051748026754254495
0.052179602801660514
0.051712714222686314
0.05187890248669085
0.051782347296721466
0.05159974345397726
0.05419090245719825
0.05519514201887857
0.052266557727043875
0.05194759227892506
0.05153755908048598
0.052063389933694186
0.05178516633181929
0.051639770705984016
0.05181865287927267
0.05166492212528937
0.051523447541572225
0.05181825453432921
0.06188103659339597
0.053199828158472184
0.05210766291994358
0.05199775796070277
0.051735405453315404
0.05157852026625214
0.051912422979546485
0.05159034520805439
0.05137868121127102
0.05125421531080643
0.05148991564654301
0.05145511099041623
0.051868074373385614
0.05128605970155413
0.05191070939823289
0.05146689592886751
0.05217875491514384
0.05163499148928116
0.05222726660284484
0.051964029356419486
0.05162195997121178
0.05180184161899803
0.051320958308109614
0.05175911857981548
0.051696269990545565
0.05155738309095396
0.051445922231145
0.051157539988928864
0.056881501086961446
0.05332365482349262
0.05148483137382525
0.051682075694481903
0.051116938711466074
0.05235234766362983
0.05137765134258248
0.051248311334959815
0.05119226568282765
0.05143808183547492
0.05342078626712906
0.05129269668919461
0.05143919836068265
0.05191847509661011
0.052049483790575904
0.05141082789017775
0.05125116708331576
0.0523724188836657
0.05166208430706898
0.05146991102912716
0.051053071603457505
0.051807263883474834
0.05115896120458563
0.0510898837558577
0.05143337291186658
0.05140615625428819
0.05118571312349533
0.05101297219571109
0.05166970790477
0.05108605964091894
0.05121034890343653
0.05187422789145853
0.051591608638518326
0.05135842374412813
0.05106556344185477
0.051220154250475845
0.0513459091884232
0.05382219700264596
0.05162588271930396
0.05179685286341983
0.050998141275388056
0.05162469285461947
0.051338153012166515
0.05093260408840447
0.051851494446675354
0.051454641760509706
0.051688477954017785
0.052009850531537956
0.07739190236778459
0.05722770329878152
0.05439317299523086
0.053091050430296736
0.05239818109390892
0.05213955786322879
0.05178065817350539
0.051559190761959445
0.051340277472110556
0.05107773690719471
0.05122627424093607
0.05106943795265995
0.051186025194893375
0.05104922292597383
0.050988626779518396
0.05105802592621229
0.05113280160683338
0.05100138391429019
0.05112156813320155
0.05095720224987681
0.05093963031665744
0.0508304176173199
0.051516599309082346
0.05163380496691321
0.05093209179135683
0.05085694981373359
0.050932844004062845
0.05288080909402571
0.05135372000807357
0.05099421544609783
0.05088118898952119
0.05090900931820691
0.05099398987454789
0.051589506199566
0.051068726787778816
0.0510387665931588
0.05109988734404618
0.062023453292584865
0.058557730759972726
0.052980973585465246
0.05167297655107262
0.050979763669806104
0.05114712867293959
0.051167033160122756
0.0508627513266891
0.05114508885019851
0.05171240885332923
0.05120360635429899
0.05099051289051493
0.05068579444957671
0.05079080328066772
0.05074254834206305
0.05157092920391359
0.051671476599490535
0.0507244584716369
0.050749435898995846
0.05067362507509294
0.050770697732255836
0.05087992693428124
0.05062241469309709
0.05076738406912746
0.05088609505758107
0.05114801604057027
0.05112780501770082
0.05201211554285522
0.05079656324096929
0.05085572617772584
0.051534206145138386
0.05132772904063496
0.050950667603272146
0.05110847622713196
0.051068451481862606
0.050991790438784615
0.050811725398786714
0.050953416206012264
0.05117029587033196
0.05116992880738227
0.0507514872283579
0.05060456428572396
0.05148183712822812
0.05116212021594293
0.05088551976134844
0.0524673480018277
0.05064681790351311
0.05087866909175276
0.051057489449593506
0.05074462012570595
0.05135048438455457
0.05114728099205226
0.05098695508160881
0.05115176281221559
0.050802402302762055
0.05062934794576369
0.05060584456703373
0.05064662091573265
0.05079991351290841
0.05055441787448999
0.05123832290905101
0.05105253321196988
0.05170886472703141
0.05277089356819046
0.05095022478114779
0.05097925062421883
0.05108236410071917
0.051077567719828305
0.05080098495165879
0.05113616354206455
0.05094004284903825
0.05047838530877483
0.050616337909041166
0.0505296535720335
0.05059753871897114
0.051153021316244225
0.05094291795497743
0.05050109368618404
0.05041850300801692
0.05097358456212227
0.0504077289984605
0.051586752061114134
0.05076689368862415
0.053607440336006826
0.050787008881011855
0.050547859901301215
0.051374973990371296
0.050539828506167804
0.05184594005624825
0.050630601471133324
0.05078504587932725
0.051627854181227284
0.05138931700211262
0.05064721788479903
0.05054231223032296
0.05120441785830761
0.050701262429356575
0.05056886562955714
0.050943507438647416
0.057405829742968636
0.05496912874351038
0.050812762456937374
0.05065427529059838
0.050647543186199996
0.050548624978444284
0.050429347745865306
0.05079151632560191
0.05067847033736305
0.050537737295310074
0.050495459010528626
0.050744122660187914
0.050577415431910584
0.05175348218077811
0.05097359185603177
0.050588474687293314
0.05104715443242376
0.050606173907067176
0.051064626705423694
0.051293396573757456
0.05075428540879321
0.052093171140300897
0.05286090908067249
0.051023754334756144
0.050593840637218175
0.050459809862425396
0.05030661001453333
0.05067104280482386
0.05130189977516638
0.050445796155901716
0.05027649682189259
0.050221680672230005
0.05135807280089254
0.05080098395940857
0.05043866894442901
0.05109664252915672
0.05100436701883222
0.05122247106769932
0.050926044635544315
0.050536305600098363
0.05051086822124285
0.05396168466622584
0.050945329035971765
0.050684101165872866
0.05042107932478468
0.050436162363703005
0.05034198455303629
0.050921619826248876
0.050925510926781416
0.05085860955241685
0.0506469896672485
0.05099510876722982
0.05038883657168562
0.05092042139687828
0.051018767685533685
0.05056182982695994
0.05032137231292012
0.0552652102729706
0.05210355568294213
0.050880710167862546
0.050564863484039484
0.050579878771416495
0.05023902172449036
0.0504250126568792
0.05149931168166277
0.05045221497034915
0.05048687388754894
0.0515726401392266
0.05109736032644722
0.05073129343930806
0.05121558204850304
0.0511852489941031
0.05029333401993613
0.05037538573215498
0.05030564526879342
0.050215490823872735
0.05033103456703302
0.051219271582977795
0.0502277146154475
0.05046099782964893
0.05056898786782104
0.050410127371688866
0.05062067759371249
0.050345479728323275
0.05259691237985531
0.05091256392405969
0.05015258235143167
0.05053179509171816
0.050268934552218314
0.050072929795796625
0.050547940691358574
0.050293596670310074
0.05139252216180908
0.050734727008041935
0.050338166879020006
0.054880857450243466
0.051575201624464766
0.05061875165344399
0.050260341439013166
0.0508421802040294
0.05045222867036534
0.050850116325733816
0.050218006804863984
0.050127521923212244
0.05017453412934442
0.05042950448658422
0.050254271861827265
0.054498259552589086
0.050513414927175114
0.05010805667212633
0.05012824165277949
0.05080209273810141
0.05033370161376824
0.050657504751721275
0.050824962521546356
