0.00015912836372472072
0.0001765789979332095
0.0001974944704084137
0.00023113124533215043
0.0002734106101428058
0.000331406767026382
0.000399865612766959
0.0004842226317803273
0.0005759685101391743
0.0006836380681162265
0.0007982869398895495
0.0009297565095345315
0.0010621970719920317
0.0012188536011223316
0.001394527035555367
0.001577428184943622
0.0017624633301323645
0.001962066455727887
0.002194520499487625
0.002402598281754355
0.0026317583783268582
0.0029061096445679073
0.003212182638431229
0.0034428623063755266
0.003953090059423001
0.004099589905257676
0.004389406502558023
0.004632842611406155
0.005172542776699204
0.005134894190547622
0.005767167122625511
0.005783832903187635
0.005993431366579694
0.0063224566880630976
0.006306837136622205
0.006375020436254966
0.006666112197214894
0.0067137035943250056
0.007218554074153583
0.00791793119349456
0.007944395115041983
0.00787837294400365
0.009234528153020645
0.009201186051957798
0.009913279015623102
0.010739030875700795
0.0118869668303632
0.011830217250683736
0.011897523291234937
0.012175612075463216
0.011528358503166481
0.010718494576454232
0.010726408103794277
0.01029306754391536
0.009968652017849767
0.010087120005638973
0.009706328438037884
0.009773293142337526
0.009612900627098072
0.009292707824209165
0.012495397872979118
0.009492531834413932
0.008936297679407018
0.00899619195244719
0.008725195239672315
0.008465573834647015
0.008471239540969656
0.00828624842035645
0.008010992157995422
0.008029637185891515
0.007776342664201195
0.008621243597878683
0.007847715288870663
0.0073561667786719645
0.007429019107361472
0.007152525265265918
0.007964377955176702
0.006956526335050291
0.006732084761182212
0.006914198033024218
0.006772909040897911
0.006451537791817998
0.0066910985134820515
0.006536376671256306
0.006316836620898586
0.006183943502326435
0.0060991989307227394
0.006018965468071749
0.0058891653326975405
0.006345294035152994
0.006056993805899102
0.005817644920953001
0.006508829873969135
0.0055026210459367
0.005646374788152698
0.006029045040649579
0.005345328509694435
0.0058890383622052025
0.005184417236900984
0.006656265629359704
0.005061635523425223
0.005170000373237879
0.005169450820023281
0.004897286854880192
0.005051109612327522
0.005809723758617434
0.005396664935756022
0.004719604999175139
0.005213361824797379
0.005450685010248116
0.004609583315622306
0.005007336785468473
0.00444752081823927
0.004617594913623044
0.004595940916311588
0.004801068132934726
0.005030515765832197
0.004748929126588541
0.004531263148033486
0.005645173143760832
0.004500982434832639
0.004739431852842551
0.0047398074780303605
0.004335052115085457
0.004296109625399461
0.004229834865752573
0.004191827854776981
0.004402675869913824
0.004065239120918875
0.0040556228454181244
0.004351624024914421
0.00423588267980126
0.004314795651072723
0.00423229883194283
0.004398576062821096
0.004148630591797007
0.0051553916440684805
0.004265261859693956
0.0038121990075065085
0.003757990761246602
0.0040831654310818305
0.004121184896864867
0.0037119047445349535
0.0039740732074584634
0.004136944457314142
0.0046505909516458685
0.004028399252968135
0.004102784333528655
0.004979848010883292
0.004472508872576302
0.00368873032504066
0.0034975323714011254
0.003557528370216698
0.0037598701908740555
0.0045363562770196555
0.0037768773982632103
0.004665584950250896
0.0035747618563516746
0.0036037079538392756
0.00365119435112906
0.0038912259760338847
0.00381507600981864
0.0035355685438708375
0.003731581967794032
0.0043729473662641
0.004307693978619249
0.003567518049494198
0.0034139865816779713
0.0041145125298464895
0.0033696911365194157
0.00309314495376877
0.004778167692004381
0.0033519110415526883
0.003232591788754494
0.0034235625078457748
0.0033142675643473445
0.0038898678825054073
0.004116077416154304
0.0030811678565968977
0.005638261312601444
0.003224741391974684
0.003498034868889845
0.0031732833184297503
0.003423444353910076
0.0035760331687856917
0.0032894608116421464
0.0031708149787769697
0.0031285799534395164
0.0046988143977300025
0.0034206374298137066
0.0032675999540957472
0.003431036801808557
0.0032253047183730473
0.003665841094525009
0.003204468850951607
0.002968218284996366
0.0029937858208056506
0.003373530443657677
0.0034325502140482313
0.003694561315008448
0.005167081980382867
0.003136577596561548
0.003538787868700782
0.0028888876816458024
0.0032309564363611773
0.0031553074515154847
0.0026993180035448103
0.003058602897968213
0.0031544654586604824
0.002742836265182819
0.003097895438734999
0.0029633819070105033
0.0030397061926582566
0.0030223905026181557
0.003218455025795673
0.003404846102669487
0.002856708888702147
0.003122101160349481
0.0031706212158097284
0.002572880578597259
0.0026996101227710805
0.0029538191602539237
0.0026850277488881494
0.002707768798747022
0.00313067613153231
0.0031064714709836466
0.0024863487249893075
0.0037411474543906503
0.00319778237156744
0.0038121785162338797
0.003355329415639079
0.0027563875754881718
0.004243806111691607
0.002825372906784727
0.0036242002527181617
0.0026968303849163387
0.003292365601856401
0.0030184124947838903
0.002693698090603401
0.004741598418685303
0.002985445086226285
0.0025698593964530417
0.0057386774373910975
0.0035987326300868363
0.0026174040596114003
0.0024005183882066963
0.0023439351233183713
0.003338503975815044
0.003035620756329812
0.0025272396456767917
0.002645693801802574
0.002460060646881515
0.0026576423761326055
0.0031252094510742508
0.0027610250211769073
0.0030086432593422027
0.0025463704009992985
0.0030022722290323997
0.0025811703096657434
0.002605601782893118
0.00277483458228183
0.0022244039323468146
0.002848325266228623
0.0026206001051849574
0.0025619634581625322
0.002284129796344047
0.002728353246609097
0.002836048234772007
0.0029323271603027587
0.00248849030913759
0.003000163467204912
0.0027670120030519703
0.0024571069872559473
0.0034765154928421585
0.002696679243556807
0.003283680403043699
0.0025401866611824415
0.002319497080785266
0.0024004125899350203
0.00278937002963813
0.0025100144644694352
0.002466094589283011
0.003248590406979147
0.0025323169040994144
0.0025599551216860207
0.0023915763589701503
0.002208101565603637
0.002530767280710687
0.0027828845179152335
0.002605218892083634
0.002567973090433646
0.0024509690680201645
0.0025791720689544192
0.0020085738068250677
0.002459088167954654
0.003349666795138461
0.003551378277147833
0.004381110559589726
0.002442083201288446
0.0025301908105328924
0.0023666064635193343
0.0026565230077254436
0.0021479302896491347
0.0021616216122268515
0.002617592575457208
0.003899356960395142
0.003283474207028886
0.0023846274347068463
0.0024046771049882486
0.004313649135863704
0.0021069386289085078
0.0020670890008430125
0.002202386985789706
0.0022299395216994473
0.0022353817184921354
0.0028884427316778418
0.0027628012818053677
0.006204936311745616
0.002414575791819822
0.002147924526818706
0.002821280071827383
0.0023370655454808377
0.002551298690785732
0.0024203069931849246
0.0019809566519797613
0.002366218986272568
0.0019246475187904924
0.002918415785566947
0.0020703393449162557
0.002119619805130794
0.0020302066422518013
0.0023129646743595533
0.003127436908522281
0.0021069907280290064
0.002920037005466592
0.0019269864289492595
0.002197472397787453
0.0023915840655012563
0.002408994016592243
0.002447742595071861
0.003804758636642108
0.001998453748643085
0.002493898190882179
0.002783793753130518
0.0022933895620256316
0.0022352604425586236
0.0019813545237819742
0.003033078478803754
0.0023342330812772508
0.003105895056565527
0.0021591647930669588
0.002204016398825622
0.002076984236286692
0.0023209457111623244
0.002048806089333424
0.007498181560762209
0.003032014326346934
0.002222629990776844
0.0020962291724640424
0.002330258738077637
0.002352618575901246
0.002109779778021501
0.0017237939317514858
0.008677827266684654
0.004079966830627157
0.002944720532009639
0.002156749154059173
0.0020075904471455923
0.002364785175457179
0.0019859244188002233
0.00196570429867177
0.0020178716317489397
0.0021101993875290814
0.001846689189741797
0.0018443105415665224
0.004015244413537156
0.002345187619989999
0.0019779767205712396
0.0018950877076060572
0.0017794397758607204
0.002204969639032557
0.002287523917147724
0.001653422503873584
0.0020010865194979776
0.0020327906480067733
0.001853437957715104
0.0024526602402003047
0.0032386465148269154
0.0019570896470000984
0.005561276229379142
0.0022719054141247244
0.0019857777115588606
0.0019983506721235533
0.0021765048054773707
0.0045445718150803486
0.0022023285359142036
0.0019228915990195368
0.0017695275717958911
0.0018331851092413085
0.0020655166022109615
0.0017092202207460896
0.0017771678672076387
0.0024738331297064356
0.006280300504458354
0.00433755795515978
0.0021429379814996373
0.0016921649958446588
0.001826387483144623
0.0016931920626775197
0.0019055586762478244
0.0017207685945594736
0.0033838190054020487
0.0023882311073057877
0.003996623381341277
0.0017195680706650802
0.0017312092440818637
0.0017854576223479827
0.0018075160985751618
0.001937764727512688
0.0023228940330924483
0.0019089227629864641
0.0021648481273349096
0.0021937627507978615
0.001862803136518608
0.0045032130084305165
0.002092641614819224
0.0017616864743699085
0.0020454116502916005
0.0015977975571306127
0.004519389761137454
0.0017562524935613587
0.0016415058148298064
0.0017247866845562418
0.001475637426129847
0.0014293326228687314
0.0018260036769244716
0.002302121848388027
0.0015786468379404047
0.0025650079320750645
0.0015930994882990353
0.004567645662072524
0.0020747137110175514
0.0016103423132276093
0.0016949982988913588
0.0016565656386833708
0.0014713840109239567
0.001601351936952707
0.0020412056261856354
0.0017258147638352047
0.007133227782802674
0.0037706958156657868
0.002403415305154816
0.002224553192293306
0.001704655812751876
0.0016840688763082976
0.0017003060319073602
0.0017309549014915269
0.002417339204601665
0.0017506913842293913
0.0016136190446831339
0.0029669629094935084
0.0016936806682551662
0.0014943415763495256
0.0016957883858807368
0.004411228760809281
0.0015685253591106979
0.0016461231018999748
0.0026517505670471168
0.0017758125110712145
0.003007067785904064
0.0018112250493848086
0.001532005049790382
0.0015454719493994662
0.0016294356587040456
0.001572114090428679
0.001531168730074331
0.001538276363101083
0.00146500029379206
0.0019459258669782778
0.0016915504706405521
0.014344963452628614
0.007617726364982463
0.003768155859918203
0.002805703606839492
0.0022531456679049182
0.0023298097421332463
0.0019176538422198913
0.0016623130122582629
0.0017777749839909026
0.0017419732678964491
0.0017689531074704115
0.0020278216400575417
0.002007965445649053
0.0016027300139327717
0.001677736007308187
0.0015847367676797488
0.0015034409719693396
0.0016143284445665515
0.0016162618371836459
0.00150671890402587
