0.0010806507268859614
0.0012962517299184523
0.001402258348028898
0.0015008101608630304
0.001555782921229289
0.0016397272533667491
0.0017691366945689318
0.0018799402799988252
0.0019821253013318388
0.002125100452979487
0.0022729827546967177
0.002358620078411719
0.0025275601770415484
0.002576294302870737
0.0027427087444376864
0.0027958193041001246
0.0028766283262782145
0.0029706052171553825
0.0030559564377050674
0.00314003704703265
0.0032318397604634065
0.0032397270622602273
0.003464374749455601
0.003654927841091755
0.0036972410972534774
0.0037917366075094477
0.004112396066111869
0.004306418091171883
0.004276122755336218
0.004564351815660702
0.0047759595501158285
0.004856153998402096
0.005114533910179667
0.005370057855458564
0.006080222937330673
0.005801393354537888
0.005762979044431002
0.006448613618996656
0.006453615791712688
0.00670072604318924
0.006852479738609813
0.00739614440511181
0.007577268219613862
0.00878605424757246
0.008635404073659366
0.009088961931955174
0.00966327468794988
0.010194863081761749
0.010491082751601238
0.010163503344318717
0.010369944444935874
0.010013971190516637
0.009891998753926464
0.009586566312795627
0.009892983851675814
0.009639856623154934
0.009707873199726933
0.009894505365116296
0.00984146808509097
0.009856969031078792
0.00951714167223425
0.009384287837849252
0.00955197749502748
0.009405612647446377
0.0095112946941996
0.009260738013904089
0.009547728955937184
0.009367058932711588
0.009296768136043972
0.00965334158651879
0.009142099816578432
0.009391926440070862
0.00909845815932326
0.009072786519112431
0.009134249296039343
0.00918617579546348
0.009152403952136078
0.0091473167984111
0.009150223031848948
0.009224669278869144
0.009015877918279338
0.009088003792512778
0.009235597019754002
0.008934963111565492
0.00910532729978734
0.008857767395762222
0.009011615548613612
0.00896445986440527
0.009046357405746233
0.009103815345459175
0.008839933854466844
0.008812093184651615
0.00887714246087751
0.008817617008984785
0.008685950879616855
0.008924151191957922
0.008899194747644746
0.00892142823758039
0.008882588434912195
0.008670666844749424
0.008736092954108092
0.008830251400663612
0.00885922004137989
0.008642482057770837
0.00881804427715175
0.008774042355819283
0.008794494562947723
0.008773370715571898
0.00876928100397236
0.008807155038186602
0.008812865671031525
0.008902596986513132
0.00862338423520048
0.008659910134292233
0.008829047929530388
0.008621801317573707
0.008831748123080513
0.00844151788025607
0.008639763649030824
0.008556639808273621
0.008593085261114011
0.008432499959925625
0.008433041608866269
0.008439337373406531
0.008527744996631257
0.008641053704875652
0.008544275458797674
0.008434030048932149
0.00835484472782325
0.008636894957902276
0.008584784837787815
0.008903480352503117
0.008483978858757242
0.008373778813875446
0.008410941663624667
0.008416783295258462
0.008365429411250576
0.00867415314200813
0.00842562954977294
0.008593813509671627
0.008254281121140745
0.008223334405675669
0.008423716226966929
0.008286136082834869
0.008186334045603871
0.008307760820732774
0.00830185956269433
0.008500960530391155
0.008357991788658165
0.008177218645393291
0.008402570673029557
0.008399748299967185
0.008264885797539603
0.008090422688939862
0.008330282163327542
0.0081531370872475
0.008125434518643768
0.008153268192659751
0.008197263868908598
0.00805299792865239
0.008110774861579047
0.008143871954085183
0.008018176652334421
0.008043425460128444
0.008267241105802845
0.008107247886413309
0.008064399053403568
0.008010338165005234
0.008178908269086453
0.008270483215940054
0.008125275632401353
0.008245693195489383
0.008086062645731128
0.008015514464578896
0.007938508105368535
0.007849133529952753
0.007798488891605183
0.008137356546472446
0.007940554619270646
0.00781379154204417
0.007650160417831111
0.007859274945178322
0.007607680878158067
0.007798673563297385
0.007935659977320198
0.007771368199419752
0.007697179518579114
0.007646969233413236
0.007793385132920937
0.007634739619984387
0.007709048692763687
0.007560090945215426
0.007521469206940905
0.007634941327481348
0.007605460344021705
0.007438591341966781
0.0072977458427129225
0.007184714268214095
0.007164909933023503
0.007274268884821055
0.007148905261202115
0.007137847854320621
0.007384091778875929
0.006940814266068356
0.007040882076215104
0.0073090914841393165
0.00713594566386576
0.006804878921378578
0.006681763345079723
0.006683334061945571
0.006908476472370953
0.0067439929290596294
0.006645758440456936
0.006667835361576665
0.00666620484640317
0.006790733917955762
0.006600757997709318
0.006530962560204006
0.006568864870285528
0.006533689609789681
0.0062873413738420356
0.006411023416216964
0.0063376226179545445
0.006474044067332539
0.0065026200010885144
0.006240789220389849
0.006321005640708119
0.006428122080897338
0.006084558173195921
0.006359200670044416
0.006082192483297158
0.006163462002056642
0.006219063569991806
0.006459228707494858
0.00639713937024995
0.006256047766829763
0.0062991933827506045
0.006098200236316596
0.005864783207598691
0.006009250880375713
0.006267167608227546
0.005929060957055086
0.0062072587636882596
0.006156019766371105
0.0058737097331975525
0.005897856441491814
0.00590930620826363
0.005833975148221878
0.00602733691344821
0.006013256948110517
0.00576591730949025
0.005710398103763288
0.005901733278427447
0.00605455714290979
0.005933751238980026
0.005604012112054869
0.005741449105596849
0.006051822058490921
0.005796551478104057
0.005768536838102285
0.005666490820471511
0.005718201546816625
0.0061831490602344275
0.005716229744351286
0.00556067790984063
0.005573271240638656
0.005632090701060109
0.005873126166037101
0.0056445008539812306
0.005457136661432265
0.005746151190077033
0.005527251534964715
0.0057885382742246735
0.005584449758622621
0.005645429909177055
0.00566016016941448
0.00546956090387131
0.005408040126002281
0.005474319827316381
0.00554108200050786
0.0054312859614005435
0.005300966792121948
0.005532888990443931
0.005319251862754958
0.005533248762748091
0.005411444569145826
0.005425794281840116
0.005548127896422259
0.005696478743697995
0.005349777771647427
0.005136302985668739
0.005217213966996871
0.005299054421310391
0.0050786164454315035
0.0053472794466173255
0.005252390524381163
0.0051129113525918155
0.005397336401924422
0.00498787959369561
0.005126635880192098
0.005187550141850365
0.005220908366979283
0.005103641010115846
0.005152750193472151
0.004929017248371982
0.004994746090879089
0.0050129570441198685
0.005140110259553609
0.005088322949878627
0.0048622971544233715
0.004977322236861093
0.004963067446173839
0.0050000862183623785
0.004918275072422123
0.004980577265835045
0.0049435375650004245
0.004850337725724572
0.0050011862887539595
0.004669358135662346
0.004608484677030383
0.004801200414468125
0.004886998738397226
0.004990513221073513
0.004675571950344003
0.004684451533368327
0.0048468517885917675
0.0044822633020562405
0.0047505224639306145
0.004830701211380346
0.004769650530548784
0.004874482000177012
0.00490962134926606
0.004632081530735802
0.004997557667780354
0.004757965461211714
0.00437700587855739
0.004523995153988911
0.005686314527389254
0.004632081894125685
0.004619373721244667
0.004658830748157245
0.0044956676831695245
0.004833368545345893
0.004617909636461638
0.004551726309626111
0.004492630696829374
0.004898311074161641
0.004487299164496014
0.004859418311225964
0.004910340657779755
0.0042088632765617745
0.00480449249071426
0.004623691814681776
0.0042840665397800015
0.004581967988878349
0.0042487447428577975
0.00466102011345118
0.004485490857014241
0.004290441993328038
0.004494971631608347
0.004293620252381209
0.004138524872555493
0.004499548559825623
0.004672322470137728
0.0043542259546849775
0.004317660911757255
0.00445576558524969
0.00437455945300095
0.004383296824373723
0.004284326651864729
0.004363983262452149
0.004162734607234597
0.004334161049908323
0.004671599949866742
0.0043041883384652225
0.004882666597873947
0.00419447142043299
0.004119050739089323
0.004221014527247122
0.004334670547004267
0.004639609241379407
0.00409897396212583
0.004522215925313741
0.0041225559543818235
0.004296965519549481
0.004054766757605232
0.004193318298382458
0.004161083514836974
0.004376961647263058
0.00428310868647994
0.004417876314772206
0.004125561752295661
0.00425290489116701
0.005466485030461695
0.0040949092564286195
0.004367424315494424
0.004121832184006121
0.0042813291542545375
0.003899602707971549
0.004036921158076099
0.00398834266974025
0.004077361173118316
0.0038975939871612763
0.004114961704221842
0.0038509670444807718
0.00418141674985848
0.003991179722013108
0.004042058849106673
0.004254962501516479
0.004049000078942801
0.004080387451424847
0.0041472201559814474
0.003914986457458097
0.003976572307140053
0.0038410351975063715
0.0038894722651620613
0.003913949748553405
0.003928391673062519
0.00396779913424784
0.00404895189061552
0.004105947863867628
0.003968343029895397
0.0038969496756826884
0.004073651247466349
0.0038680952688609467
0.003901711461639084
0.004291867179073672
0.0037743930887674617
0.0036249337783170357
0.006032454713778657
0.004145782809730654
0.004006827145675632
0.0035335642065870286
0.0036977819019110405
0.004948851014879123
0.004151313802854062
0.0040506292613240605
0.0037935483824270214
0.00381278012504923
0.0038408796198526832
0.004279189905212652
0.0039679017679539515
0.00401722782108689
0.003571500174840477
0.003871999729955656
0.0038245487990832636
0.003985621851094276
0.003716030563924148
0.0036292167132389603
0.004028391975378531
0.003880864664233316
0.004066321233975065
0.0038371860423934796
0.0035663656917592143
0.003883693020172835
0.003696329367268726
0.0035597820533439517
0.0038919571719663306
0.003716581600074108
0.0038214943961405725
0.0038910839580452053
0.003979890447362352
0.0035247190433301935
0.0038607466169502413
0.0037386875053449908
0.0038717454321090584
0.0034714304889926564
0.00364359936929334
0.0037610066165738505
0.0035951305996783285
0.003767194515790477
0.003945023609133803
0.003871006228543261
0.0033973042709561432
0.003611736267230639
0.0033710712107838455
0.003656926788998959
0.0036646147719889043
0.003518560901284218
0.003606759541598366
0.0038453304202287135
0.003659154947794904
0.0035718316984771985
0.0038557755913167634
0.0033902316452134574
0.0036940436068243375
0.0034992304286771566
0.003601949378003793
0.0036318412384618876
0.004336496134001379
0.0037031509852576477
0.003445395007925369
0.0033817646685535105
0.0035029699390527803
0.0035305229640156728
0.006158190070016083
0.003781883977353573
0.0036125092366797343
0.0037855174350030023
0.0033770515028578793
