0.0012602061630231545
0.0015408473718216064
0.0018103974230266554
0.0021841568200584704
0.0026818849618320127
0.0032358974528284997
0.003912500201762226
0.0048494674233921075
0.00597992747694858
0.0074269641001985685
0.008865968017473918
0.010483000169482988
0.012639006231659772
0.015294273607306988
0.018152149699351472
0.02143186193299354
0.026305729922888852
0.03077889376672337
0.02892263715684011
0.02794182353426476
0.0274011248823356
0.026461221995083866
0.02609867031207761
0.024992659879923874
0.025701307848951704
0.024642274362614024
0.023578407507188415
0.02334631251397769
0.02237875050412038
0.023386341412677557
0.02239930580017736
0.022323903841646137
0.02262274224965556
0.0212842673629623
0.0210525193125815
0.02109313101784603
0.020786930391615308
0.021235091504766733
0.020198864516223203
0.019657374815889507
0.021841500923540945
0.01963393802666483
0.019314346095622593
0.02135563928734612
0.019694249155125708
0.018994794680258713
0.019521816429128317
0.01809431195284265
0.01864488750092081
0.018171929128191155
0.018360627912664535
0.018293147359194385
0.017866172072653834
0.01779202846936076
0.018151226683167387
0.017794147473634093
0.017745738156844635
0.017090195727006003
0.016303745199095557
0.01632590704547191
0.016110191505553352
0.01744364991758925
0.016168853771444912
0.016112497881860345
0.016349123853787378
0.018900154992258427
0.015656598916000408
0.015461997934491248
0.015986204594121995
0.015322343502948815
0.015374634968670638
0.015178936952095781
0.016574770426125946
0.01726011889105713
0.014782945543678629
0.013956944719334511
0.01686493623246615
0.018004174677755783
0.014342404203489423
0.013581194210092764
0.015049707072132544
0.01470236135394992
0.013602042910517068
0.014887073306945732
0.015363603163309194
0.015224256288461588
0.013846713319622181
0.013402362008000145
0.013832571384547328
0.01226440622043368
0.013604471692815423
0.013806655027626737
0.013482122295032683
0.012427314046166232
0.0140652911787903
0.013396755304514757
0.013603809704953755
0.012641085679894564
0.013634631860170615
0.012494592606467573
0.011880459122334581
0.017045618214241758
0.012871991802082473
0.012648402052503583
0.012947701622505445
0.013079861182140539
0.014275915127851674
0.012180044683879492
0.013077435558787672
0.012504324187977693
0.012202518041925254
0.012776053183384845
0.012679775591587296
0.011764129189573027
0.011650501898288526
0.011051365492135487
0.012254204009533734
0.012442573552598825
0.011973587018941101
0.01193086737829789
0.01149931422598358
0.01131721307221498
0.011141681030543672
0.011345754128981483
0.012896921564321462
0.01147581568315021
0.01108610659296549
0.011018768726923579
0.012573426844224939
0.01408627287270753
0.010836517114217419
0.010987347253044514
0.011763947937209663
0.01158768090897718
0.011603661576864889
0.010932339449740341
0.011637171142029803
0.010949291005680288
0.011304405804194912
0.010973674597571025
0.010615437332465238
0.010057974109627508
0.009821655181538616
0.01016071149324243
0.011850905230243665
0.011541753135797745
0.012861086546468574
0.011425807342134617
0.011371380161821237
0.010622704820078169
0.01036089556480481
0.010050587809166393
0.01006173894967179
0.009850103845442267
0.009843203261167416
0.009623302977431464
0.010068964826673068
0.009677375457564218
0.010130474340749552
0.010046595710682104
0.008872862530847054
0.009896941844852188
0.010299596523337468
0.013922006879756981
0.010229302607980129
0.012369362464350825
0.009952479123918188
0.009417515644501592
0.010164294613688882
0.009428459178731852
0.008976814428319197
0.010057517343100059
0.00969152118242975
0.008985383395181113
0.009153575693080956
0.009336347079747735
0.009611257015274384
0.01849213334719172
0.01174846849706326
0.0104630012710176
0.009424604920708146
0.00909218713137749
0.009132208928742723
0.009061027793339579
0.008981784800935939
0.008709689684061182
0.008893080297983377
0.009047637001384754
0.009012712980620563
0.008644156640936696
0.008811482646804605
0.011971042865912456
0.00849982292070431
0.008474780992302741
0.008114025070696968
0.011155201397471231
0.009652248759930199
0.00931961163626732
0.008593455987441278
0.00840363509613215
0.007954754460779196
0.007829110737499857
0.008512363114671127
0.008657010891978201
0.007777281505106068
0.00848161574528628
0.008609184169374104
0.008560661303596822
0.008494695511684325
0.009208699288727666
0.009168653276975493
0.008175192929401592
0.008229619788786245
0.007698100060224533
0.008034423287844638
0.0093205075056569
0.0073458459086691
0.007803403409009145
0.01598765020183212
0.01470212432920832
0.009258874808438122
0.008953508644087895
0.008709281598016419
0.007719147417102815
0.007765026977034034
0.008058478022183015
0.008090289767416244
0.007974501921027596
0.009336468382939897
0.00878958761018726
0.007809700596939168
0.00902701895432295
0.008804637317331759
0.008579970738611411
0.007344947541069642
0.007985563884250115
0.008160860120394343
0.007277147632054481
0.0072303631459362805
0.007809941162909004
0.009008140858527072
0.009543170394199723
0.007868182291654317
0.013981455273145961
0.01114486879826448
0.008010796527692897
0.009444041305058007
0.007470846986335174
0.00724297877073892
0.007328207854722702
0.007552827565263756
0.006850389516723619
0.006752570151867396
0.008161738160934701
0.007158497134475289
0.007060274156125111
0.007048714526840863
0.006942906885760257
0.007493199374702935
0.009855178361003464
0.007282005847947723
0.007021709216280362
0.007553470619903827
0.007202261734779018
0.007489930564613157
0.007607953377521118
0.007155289845163557
0.0067936145508586355
0.007082900230621768
0.008112477749032346
0.007628378409552513
0.009692387905513012
0.006930919515120017
0.006933173915132176
0.006987997212736691
0.008219128482459063
0.00777701339118082
0.006572397669613664
0.00636023299208515
0.006408624193706625
0.007885888143367058
0.009430678300181957
0.009756198390449927
0.00804558495135122
0.01094842589825291
0.007845894402094386
0.006693848872846748
0.006702506557622975
0.006646466611355946
0.006026246419767975
0.006616264575387578
0.007625560584553593
0.007430580657013264
0.006839270305480002
0.006068126227694085
0.007750940601958113
0.007062943743516666
0.006054540278037658
0.00791177393811931
0.006384897272329073
0.0069263241304135
0.006773835381593656
0.006872900593333651
0.0060164456199099485
0.0064586452853463185
0.008785004938348523
0.006571671230139563
0.006295210373512394
0.00741816168443325
0.007338200591982821
0.0064240237178809535
0.007582837330315866
0.006694822218206183
0.006593895695373617
0.006407445565658949
0.006190048192464118
0.005900370691764496
0.007080771936720388
0.006920262356288731
0.006170328799320536
0.006116900501797932
0.007247997196139516
0.006745701737550867
0.006833917659556342
0.010256912516794997
0.0075175928618960285
0.008159938070142793
0.01162383787497576
0.007178624670298115
0.0072580453439464645
0.006495019959008976
0.0064201988122501484
0.00594396808505612
0.0054480695115352
0.005880757766725445
0.006074368481750827
0.006479070469976176
0.006199904873249801
0.005531497243036692
0.005701595528768627
0.00557834208420654
0.005498096338989264
0.006707686060926298
0.007244866017277377
0.005291257594787591
0.005445285865445496
0.007060815572323328
0.005896379537188221
0.005837115169678991
0.008192908934418213
0.007496862334035639
0.007561310329726218
0.005594311502283892
0.005422758530019908
0.005842985865357961
0.00546189006795553
0.0052066170232924255
0.005171137942139663
0.005137555867534231
0.005856654337745764
0.006507204641820863
0.007261980699400442
0.005591332745687985
0.005515699913549061
0.008314354150128123
0.009090417484765419
0.005741957239995434
0.006971480829855175
0.008065865478931449
0.007103311599584649
0.005238167132955749
0.00528925795554863
0.005661821600861495
0.005163724229016618
0.005632469608335177
0.005870443573724982
0.005602397759306572
0.0046324581773070665
0.00652476355694612
0.005455800662496807
0.005191739309560256
0.0053213947087627006
0.005720718114045323
0.005396277451812214
0.013015359080069372
0.009069374270070143
0.006589868738366342
0.005408909717713155
0.005206249196497673
0.004804928554221988
0.006044384405155339
0.005634193248870606
0.005490419698715512
0.004915027844568563
0.004627804105119729
0.0053861857017477015
0.005809962191002292
0.005332546470674208
0.004878082135660775
0.004632361293801837
0.006134685843150962
0.0054811809897875865
0.006737098868659421
0.006080893497612025
0.005871364464542853
0.005410774411142779
0.005002370359048851
0.005153104738407844
0.004701493604492547
0.005697434728751211
0.005815915947440206
0.005542918674748491
0.007463422353769577
0.004938951589645365
0.004777176149120252
0.004412777207451998
0.00553485840194028
0.006236442382057273
0.006284773348188783
0.0055761912993369375
0.005023630710343855
0.004882204797861443
0.0045401295293059606
0.004462049331679638
0.006098154204664752
0.00521281679676896
0.004947786467980493
0.005301543248729226
0.013051535393035895
0.00637370180904966
0.006442023906856775
0.006415660861199973
0.00531852908583509
0.00523205305295493
0.005247216991060791
0.004624034816122337
0.004681231290404056
0.004411020389336438
0.005201678071800317
0.004536460170276916
0.004993520422234527
0.00442916974330925
0.004470044429212608
0.005320989891786028
0.006801860524983321
0.016559815707591338
0.0072401149302242776
0.005491489182679435
0.0064697661075262805
0.00540061470914028
0.005283622830206327
0.005340322013629752
0.004998086330266921
0.005385847081826697
0.004426627813183979
0.005392058295468372
0.0050111154693720005
0.0058539500672407955
0.0049102804655007815
0.0046891451064446895
0.004172091972479294
0.004605898370091627
0.004737467556166135
0.005742850373624949
0.005358830336607187
0.0044548591249622405
0.005758093754962288
0.0066550779895781466
0.004741210777570518
0.004259019658265232
0.0053305383858182846
0.004345683244094756
0.004417770427362238
0.004159389267442748
0.004280810914556119
0.005422102702731216
0.005843289618103488
0.006068309237299538
0.0051477172858761374
0.004936158221303108
0.004481905688235939
0.004817980510730145
0.005328784128839805
0.005095937062759657
0.004077994248930465
0.004082373129455624
0.004653739638318232
0.0046955478917240995
0.005356276009823321
0.0043137476998192535
0.004024410843723328
0.004457219260763629
0.004380392993020045
0.005907729847004285
0.0042182903711658875
0.006324686978415058
0.006544372720511731
0.007760040285820897
0.005621052255879181
0.004799613649673709
