0.0006507398672480387
0.0005136398281461702
0.00040775980833745193
0.00038146308314993503
0.00038712173071384694
0.0004403017279155699
0.0004526120374543411
0.0004973152277085142
0.0005231409034214754
0.0006363083168511952
0.0006249568810226912
0.005621553620926108
0.0025383368950277875
0.0027645418947137026
0.0027287259712302533
0.001957242238450419
0.001554356452142157
0.0015975776165967968
0.0017318391960117728
0.0019801259479025023
0.002264726139414944
0.0026406185049214835
0.0029307054926916844
0.003374493217849162
0.003593321388224593
0.004114925029446904
0.0047576663102640694
0.005135156399542501
0.0052938820229152615
0.006057503838126969
0.0067904076368063135
0.007246717916145809
0.007899602110347665
0.008669003779731328
0.00956555028630888
0.010684102314109269
0.01180170840419801
0.013050117547369181
0.013967693483366279
0.01485689723173554
0.016569964301664283
0.018400119422247795
0.02059388081176897
0.023267616880604167
0.025836945274209933
0.028437239874837997
0.03246947372688001
0.037384136346228114
0.0365665675095572
0.03498454846804508
0.03513743288201116
0.033721254831563664
0.03357148223490304
0.03254254373690386
0.032489315972904144
0.03253049279252688
0.031106103333724794
0.031142246755963183
0.03175142805409454
0.03084195734521423
0.02921998603722911
0.030222331634147115
0.031254392727679305
0.032397450000215114
0.03453265754889683
0.03075196033811078
0.028352051219913396
0.027216447998633545
0.02688540525957663
0.02974593944931298
0.027887225789384226
0.026300207223422294
0.025360118060578567
0.025809154817869377
0.02990352933047416
0.028103949993932516
0.025906700337452165
0.02492236622961496
0.025321534904564142
0.02563894609833478
0.02498352231478758
0.043237014548078684
0.031312793175853816
0.026439741780555873
0.022893789203398015
0.022060675961610755
0.02437498141428951
0.021165121535069487
0.03369038107138727
0.023732846166785067
0.02940081398975983
0.02891925392735205
0.03122840401775828
0.033920225031562286
0.01929884628577625
0.04498299427525827
0.019737303405232755
0.018375118617107916
0.02624501772434189
0.031444695349154846
0.0388198590275835
0.01856399757076013
0.02291279900923706
0.01748026917036274
0.022476158392605153
0.018831584754326704
0.01600306492633699
0.029957759823678026
0.1155447480076931
0.04281635879633132
0.0309664946230833
0.02734310519340891
0.022303836329487826
0.02043489750809549
0.01836441032421053
0.017784658840365623
0.016648654967253464
0.021796675269886125
0.01849760486106022
0.016157896864866274
0.01804530273160238
0.022264778263490187
0.0182051492230583
0.01464101942325855
0.05130445154746541
0.04488097457738405
0.023404916750148552
0.02261437391792511
0.01956381302585037
0.01858831745527043
0.01886959309246712
0.01598341984165072
0.013887069292701362
0.02742357641172487
0.016062436196325202
0.014665446121224694
0.04251636656468616
0.016962062056465877
0.017961115103689362
0.015549426069936614
0.0335080641956672
0.016541645481959265
0.01363868173037408
0.032394882860987656
0.12463048379519459
0.0670010827774747
0.052251066426547726
0.04537477775403623
0.04057356464756785
0.035888641545974584
0.03205835592517915
0.029379277008721668
0.03686168674058682
0.03265662173206887
0.023872077234842803
0.024484201132107093
0.019628324108163404
0.019904211810563274
0.016520466857802556
0.029749402750199765
0.017758796195593778
0.02036275252288256
0.04394501674404082
0.01821075619655323
0.014076414908725448
0.01540884178668986
0.015298589988182603
0.01734370477183649
0.021751605129490297
0.01776703835677788
0.023581204076091784
0.012109684221593014
0.013641953786611836
0.011896149223942436
0.020091337574757496
0.016582146060237946
0.012887442394679462
0.028642686723979113
0.024385904017766094
0.011946183920590284
0.014822861328825689
0.011923888163669
0.012383304844167404
0.011981082079087973
0.010705999626293221
0.018244789607215966
0.0137247339053226
0.01524851848162041
0.010554291631447409
0.012485940888356627
0.011730101175801585
0.015061169504344966
0.018979636238964644
0.020961531327186284
0.018179919976176004
0.018592842849327273
0.011854986524146594
0.011994803124648077
0.01321496603459343
0.012170238685462804
0.016838247664551834
0.01767567956073677
0.03552427452427338
0.03924287610062946
0.018674542103660353
0.012522537297000655
0.0126073759603785
0.012689514195525579
0.01015551843983906
0.022196830266019266
0.010761970056792938
0.01212355168841514
0.010229581704080691
0.009557269806607385
0.010149894300098303
0.016037789772505338
0.014008581519740798
0.03203950176793342
0.06702599790268177
0.049081632194252274
0.024292822421462124
0.016612785008530157
0.013189003860389584
0.014459952807109733
0.010590432274542498
0.010884646796324894
0.009958452452671773
0.011961223294239924
0.008913226737832644
0.010327078162235546
0.12885627769847655
0.06724498859756671
0.047356346091918286
0.03789183959602082
0.030619507348548607
0.02448277213795578
0.02225017984840698
0.018148008315415864
0.017839265075139003
0.012328283580487475
0.010931931238984236
0.016897759015309148
0.010415550255938695
0.010068533844872612
0.009811656217331464
0.010720712642886498
0.057133774314954706
0.057555780100744316
0.03568282164807679
0.01801004597031222
0.016153074933515952
0.013567616942439801
0.015119305150827553
0.015580542987275325
0.011540597584621792
0.013730814630751697
0.011337624287253685
0.013079912252619529
0.012072201787706897
0.01053093727730382
0.008780567873659986
0.011804079034798238
0.01106170207185301
0.011410816358524456
0.009628734295430841
0.008447732630775272
0.03701654928718948
0.015121680831759889
0.009558148201631752
0.010504077154661664
0.011481420472717743
0.02013521912692582
0.014597540167561464
0.009074673775150982
0.009099306875302662
0.01625649892194859
0.009743128867457143
0.008599912588596204
0.014303693422273304
0.008782795887642752
0.01627275090026303
0.035018535276826065
0.03386428948729003
0.018171058773247994
0.011635680982061707
0.01573699931369934
0.013542595016857267
0.00868848413412114
0.010849854987365811
0.007376340730202974
0.03962958703377399
0.018220293215277156
0.011260927406275708
0.025107319518219165
0.045367549654891655
0.02221443285391237
0.014352803278979514
0.009988819748644582
0.010407900185697478
0.00972213371515567
0.012735359815005143
0.027208958348269793
0.01897991086750497
0.01032548988968734
0.007918917383014989
0.008132340921061148
0.008354064756010271
0.00856867107111012
0.010297652179626434
0.01161934860741322
0.017714914567995302
0.018153765040871857
0.007976710227359966
0.010069123886993036
0.007949930363271929
0.037155360649671225
0.025108762671438495
0.009189481990000282
0.008659488163550109
0.007859671360652628
0.007869036547745463
0.00889244133324017
0.018420911638226626
0.01565135589169429
0.00806433392761882
0.010834034372292013
0.009150023750911994
0.017439058654390497
0.008321359768869139
0.017885425104062012
0.010662081934797686
0.008725470350096036
0.00769809674129783
0.008093975739874476
0.011753913219617017
0.008524916750860265
0.03951071483939398
0.03942502427092764
0.017518978497041354
0.009973244343043657
0.025295073365747288
0.010183073553232273
0.01739227625956473
0.011975336009776046
0.013817556082072217
0.016395010765683785
0.009719829507562774
0.012227073221987163
0.007325878082111841
0.007415088594713238
0.007208535121143394
0.009899319597774566
0.06194457150681802
0.04134003351676219
0.01984999445528629
0.013280681716382838
0.009577247685637702
0.008249043389781613
0.007593276954957106
0.007975152241543968
0.025305586257925054
0.03311717586612768
0.012653177946785025
0.010545038663056654
0.008613603658300967
0.013710216731129541
0.007970462316012337
0.010201410309774348
0.01810254122842145
0.007374706473166633
0.008264037487463335
0.007403531297954141
0.006730818978427083
0.04250121620058148
0.01516188398589579
0.008761305119999256
0.00873614209773863
0.009045633132925278
0.008047357512017092
0.011975152320786614
0.008516990566148321
0.010043394052046822
0.015476590558740028
0.021747130584948406
0.015077419759974247
0.01369645043925037
0.0077656201494174
0.008467521692001809
0.013245413688095183
0.013348296331328929
0.008267294768983505
0.008211118174797057
0.007784169766361292
0.007746801841550608
0.0076498735280993505
0.006928634469236914
0.007411371155254794
0.01749298409148981
0.01357547504816916
0.035225023326729096
0.035921363972741344
0.018052768805465393
0.03330923265111301
0.01105465667500171
0.012544790571921746
0.009372056903115262
0.00734726867240885
0.00733865346944427
0.017392570106661443
0.009760181516346134
0.012980154282082053
0.023067157002678664
0.010751924223758364
0.00931355262337399
0.011086209994140832
0.01407895306576992
0.008226031909281674
0.02450483907947198
0.1187462086757917
0.09694749906603317
0.0825174269632677
0.08381791663973519
0.06344482572644614
0.05348672020189771
0.04519319405939695
0.03897825071120753
0.034163991191637204
0.030124385760964524
0.02758421055442385
0.025774190153521993
0.025853397882777206
0.025496787435204237
0.07676072941207038
0.04934273572282845
0.03347536963009544
0.02462008905209852
0.019503269611407865
0.028446521034485167
0.018256205418373875
0.014964866458895278
0.017289159641590682
0.013199315639212728
0.011457283580012982
0.0103090096209268
0.00916175424532916
0.013136702366888327
0.010066261864703302
0.008862272017436583
0.03104048537801993
0.03261825678109676
0.014196151093150793
0.018783430745022908
0.009490576392207085
0.008414277792925692
0.012159878667531192
0.00776531351363977
0.007886726383472119
0.008445909878584358
0.007604556593761434
0.0079474300429511
0.03928794455714524
0.01610248695103249
0.011728237537416012
0.011102205262718242
0.01556187931122084
0.014793126294057997
0.007781133374848058
0.007124538579606887
0.006778296941284383
0.007559098092288002
0.007444459173221434
0.006288398463367956
0.007298143462396545
0.00715078972018418
0.008919705238283964
0.014655490869774801
0.008261435297195719
0.007738479623032127
0.008108894693864029
0.006643762456014236
0.01892553036814479
0.12979513571740647
0.06316829038860645
0.03949720448420177
0.027914503894481208
0.019604858476668596
0.015201246175803384
0.012854595131446583
0.011971023933934082
0.00980239405823446
0.009314896971377986
0.008278828142611973
0.008058191115762132
0.015069512151136352
0.009417738484686121
0.008595481404619578
0.009255791495010006
0.007354163722578115
0.0074897821016403875
0.00772201035094137
