0.006181690867201945
0.004411458089679117
0.004095845422812141
0.004344855103387117
0.0046577128613967626
0.005676865340070974
0.005693249490324841
0.005427348461483469
0.003181127589352931
0.002925812627785326
0.002978713599152249
0.003052118978173601
0.0032661063313198166
0.003358277154315528
0.003440650652619672
0.003564727813099626
0.0036395775631230588
0.0038421632301704157
0.0040412971000832396
0.004407072526120236
0.004582463177653511
0.004955551856064869
0.005570031354580535
0.005937396982084778
0.00639575753057522
0.006667353816274623
0.007591735292574886
0.00833035431704606
0.008718902128312583
0.009871582240773162
0.010570132579961408
0.011749018941158325
0.01199822700739409
0.013255819727139974
0.01450804906133353
0.014804347518531515
0.018683234257588673
0.0168715954378024
0.019039182117983198
0.020226944586757417
0.0212061266093916
0.023199031746873024
0.026272616010815018
0.02925020037742143
0.03173928052772967
0.034449152707746636
0.04115439158923617
0.048126811266280295
0.055763813510034864
0.04384124393431881
0.043328378210018635
0.0426115986964341
0.04368629987431823
0.04326606559312522
0.04379027623557643
0.04250251753639416
0.04165457961348335
0.041598483829406764
0.04209764099467113
0.04352686833939079
0.04148866178307417
0.042598776875084704
0.041173936743358994
0.04096107733913799
0.05132491631984488
0.04077090439473868
0.0426007155677799
0.04290819045309717
0.04118889801148395
0.040734148636627734
0.04824463589193669
0.04158978827283735
0.03934607124618823
0.04110233078288675
0.04051263746195072
0.03943222610468275
0.039247158042779576
0.043591860339938476
0.04244900394356652
0.04016804658155539
0.039970627494072646
0.03819275134651179
0.04457527671832494
0.03840692030189189
0.04041385835504041
0.03748679791022552
0.038523937509245196
0.04054312880259105
0.03793692351266574
0.03684085293599729
0.05110430563991882
0.04674900835903173
0.038089382144786445
0.04014905540042379
0.037772137643804264
0.04658247381867318
0.0392713626211837
0.037834319868561034
0.036663727674368166
0.03895462971278344
0.035556062829265656
0.037632889438713533
0.037046239917142114
0.03927686561791973
0.0372106758842754
0.03598660114482882
0.037102871839557024
0.0403151215657536
0.03580867482021395
0.04856165719640612
0.044885819715060546
0.036341517821847275
0.03572209852604607
0.03683383725164981
0.0342287959405378
0.04823836413201656
0.057181100587775646
0.05009105378127054
0.04342667211530807
0.041325794351513914
0.03923289024372226
0.038859269306175274
0.03848861612742313
0.041226588929078996
0.03879893103384235
0.035467531563442074
0.03774164424518521
0.03694144948228691
0.04021615646988823
0.035926295468786014
0.04113894268828497
0.0464322700789582
0.036033309758937315
0.034520016752936866
0.03317203798962666
0.03276652375703559
0.035644890569596924
0.035386297339050285
0.03263165812576643
0.03419934812765778
0.038241535742603215
0.03459976709444313
0.04310535459887334
0.03958095513870207
0.032378106025720804
0.03395628164546766
0.03123688097513012
0.03984612084520555
0.05144039416260152
0.032982978293121086
0.043949346239451834
0.0388214151106412
0.0335812366180373
0.03154979560398654
0.034501196823539804
0.03250486593107494
0.03079794915148828
0.03185103249418713
0.03361040051007985
0.03195607029459673
0.03224749024259799
0.030868083894364396
0.035595540379344974
0.044516754723834186
0.029881839884605525
0.03285959393330169
0.027875426016078238
0.029626517263607363
0.02797597499166647
0.03605090313999171
0.02706734761456202
0.028936624418846455
0.037593432440516654
0.056497286474994954
0.03484356811109665
0.030469480005514978
0.02681597564299678
0.026249306893834236
0.03395193888830223
0.028688414426946016
0.028756122035061598
0.02570066477210446
0.024124242177002885
0.024179795005250623
0.16352923311753553
0.3275506929790929
0.12492206179247367
0.10368426431542478
0.08985596942656049
0.08043873240327121
0.07438933464248529
0.06848227534066426
0.0645909518115083
0.06065210306577468
0.07311089060614619
0.06264578834287683
0.055231856879837504
0.05132145432525136
0.049314153823680644
0.04589040484977014
0.04493531985871131
0.04285610650669546
0.04153522326565637
0.04035325519642915
0.040137585995488625
0.04323744349014223
0.037469729662555434
0.03797566187864498
0.05901226324590851
0.04396404333635886
0.03869072209053048
0.03632083482872904
0.035195073168655014
0.03980769890217522
0.03493945721243875
0.03338634893158625
0.030666661445288623
0.029915074148121175
0.029082590609454038
0.027825188209138783
0.026272261745474312
0.027141058524505476
0.02732887856090225
0.025761565884177603
0.024748268027960808
0.028388992243198755
0.024171463832998657
0.022253773710603237
0.026991046054728244
0.02656427396056748
0.025746256606618452
0.02603252651867516
0.024482152890414
0.02191922278405073
0.020027611380240666
0.03623424467982982
0.021942265059673383
0.033784066810018006
0.045535750851063025
0.060031551933997354
0.05940478362059325
0.037685401144713054
0.029439218600423596
0.02889981134079592
0.025235100919624952
0.022286165509135758
0.028285501095769782
0.026361760706030364
0.023382657437763188
0.029255224827830488
0.027772126583319703
0.02391231218038985
0.02008117412911093
0.018947874671999324
0.018373854261254437
0.04264740157377128
0.03472285554133886
0.051936770208556665
0.057440659700987044
0.03862285904223553
0.03788701852971918
0.034143449351442666
0.11447526426630074
0.049598285935344766
0.04188905612736494
0.035428141627446764
0.028471337858071266
0.022825027275342174
0.02154138782637173
0.019551485251942266
0.02171617131401202
0.02412331663595324
0.0185772514682305
0.032129390698888996
0.021251830929883298
0.061891914795288876
0.03435207948032836
0.028106502218918406
0.023347214909012287
0.02275717666386609
0.020397089123516607
0.0335632129188641
0.020325290283348677
0.03368725544295172
0.018668980288845994
0.018502319425218895
0.023054302179983603
0.016234736423939466
0.02495121836927388
0.017683734548756023
0.01892132903117868
0.01857477913118815
0.020407263397096136
0.024302436813209833
0.018694326759417183
0.021192852250729383
0.02608297137048249
0.05885194395651364
0.03641375583641873
0.028516627188897536
0.023052997056966864
0.021637327137162512
0.019658905617920646
0.03534595319505934
0.030856730278637192
0.01877469377773587
0.020859978131231353
0.019265573518873935
0.051665531459163305
0.02740646396460158
0.04236191925714804
0.025674196050854657
0.017620616756407508
0.01795035653681344
0.01620645419439852
0.01565529346773017
0.023502652488879106
0.027796148264968998
0.01640738203968113
0.014913487895165155
0.017189539119615203
0.02018087989936691
0.024576630553209716
0.02345766822636574
0.02730357101926587
0.04491497513102123
0.04522644297467468
0.020889846869650182
0.018032120770952675
0.021712644395421952
0.02207203718401101
0.02106000758770309
0.014301277347404356
0.055538794371100625
0.03968992879551448
0.02154058168471306
0.01801290526839622
0.022582360637489328
0.02887369515653351
0.040117839842246435
0.03081873816539174
0.01823902776297391
0.01721057031052501
0.014888422914226068
0.014881858289981268
0.014007636027633864
0.03850214644544496
0.059886262312615186
0.025163964044009703
0.05257813908571329
0.05608222654180022
0.027346269518820646
0.021616481221891408
0.020411162731352815
0.016352609862060694
0.021649395063352048
0.016379318629088025
0.01664733717545923
0.014518609157090218
0.047303510986770804
0.018123175697715096
0.02163242495423427
0.017802461402748854
0.014329824410030122
0.02674416531913317
0.020175652134612424
0.015579396318155952
0.014606006407747498
0.021074756568346578
0.01748789859018271
0.04815659476513887
0.028006660363075326
0.019276649555128613
0.02049555882204617
0.016490860756709892
0.013533545758275225
0.017006161827628923
0.07375576825767113
0.07431665828891015
0.043224449178782966
0.034529132468535215
0.02873494216565336
0.025317623583453425
0.022903112492311313
0.021064871297765537
0.018677759685375717
0.01790800296844503
0.016659985214457863
0.02198485022738632
0.01545733418524935
0.015622319513234251
0.15108331909563658
0.06515934275051628
0.05333567423962252
0.04680023919302649
0.04379257833940929
0.038787325505823006
0.033737350977287535
0.03080759437105964
0.026990468472535355
0.022608058968356597
0.021560482122701653
0.02492879806714279
0.022414118119546873
0.017240341213856186
0.023314832294645826
0.030124394992219933
0.031917571334328765
0.08537564545255921
0.04899812559509992
0.0381577673859978
0.029314359025646015
0.02369119469355443
0.0355790829066229
0.02508284735810779
0.01855202741251233
0.018131956777252843
0.01518040821863136
0.02655712469596039
0.01727491909243892
0.015269463219983357
0.015932324695599714
0.014622851868756535
0.012658751940298895
0.01742093964943781
0.02204204822388174
0.014674247423891494
0.013874953090342299
0.019190671070642797
0.01600558431522593
0.014875146977198815
0.02748912059063657
0.01904955501441429
0.027440249939075904
0.014724111218486777
0.013402187229702702
0.06052493586375863
0.048923896650054706
0.03809808732502246
0.0292536155146299
0.017630399717541222
0.015511950275647952
0.053225252782570176
0.03115457132256377
0.02110893835840321
0.021538538879223083
0.05328965021562431
0.036609760712315975
0.022546589229786106
0.017437043439331796
0.041625178108612694
0.02456538589873564
0.017375643574371095
0.015059723579830556
0.022015686192260252
0.02098538714795886
0.01428437258434318
0.0721205284580072
0.03983535437255205
0.024345345238802697
0.019196342748384016
0.01830087981992558
0.019227374605799603
0.015076153674459412
0.013203194483500741
0.012475660003631024
0.016586926136137953
0.013753653945199002
0.01337953326501622
0.03641483090967917
0.024890475533205024
0.01615884180759753
0.0351455459224709
0.01507985456201356
0.013286659252491504
0.01813601347624781
0.012787917181535552
0.027945669995767346
0.029090437214919242
0.019013329995063583
0.012924709989539302
0.012918866641491595
0.016541710218470475
0.01942747964328399
0.01292775902279726
0.015362725641111031
0.028809177907260505
0.013786213543119558
0.013008441204860917
0.016438593410395
0.02351339123811754
0.023073522227533748
0.024447541094423455
0.04596750562215287
0.030832476743012108
0.025058762909851495
0.015172781398317564
0.014395938065663427
0.012230372767501305
0.012144890856276848
