0.36208721925722104
0.3678818534467822
0.3757495448411068
0.38124190758321885
0.3904711793516284
0.4051574786132741
0.4228553070086185
0.4399616559532201
0.44484131414199546
0.43948622897406603
0.4335720377547719
0.42947222557023307
0.42960280040714227
0.4273544396752509
0.42912854435287906
0.42742875886854725
0.4290767309264602
0.42958966287497047
0.43749873159087704
0.4339569113521932
0.43961926375594096
0.44301460669419473
0.44317300492357986
0.4522780413939574
0.4595581691398799
0.4581759605452279
0.4735130288890589
0.46859629856091795
0.47074366423571223
0.4804886846898872
0.6016326449184775
0.4933981853667821
0.4985475300628448
0.505044985040326
0.5129949277806505
0.5191636135645001
0.5294636591015575
0.5519109618998019
0.5514789410283633
0.5567387648832018
0.5618626444696266
0.5724963242205504
0.5818969220201545
0.5980266424540047
0.6060378796586366
0.6149332637541762
0.7181682491970953
0.6694849080571504
0.666354647028112
0.6509088768023197
0.6492163875949717
0.6434811515228771
0.6335933442427734
0.6311518666900207
0.6410894769931508
0.6233256222488724
0.6154314577579498
0.6277520715076232
0.6210606599522528
0.6202903089122237
0.6103631879124686
0.6152381994456888
0.6080797520753379
0.6192310068094842
0.6081333305234107
0.6064687067660216
0.6111345650436723
0.6055671380502041
0.6028311469844568
0.6044697285255539
0.6032907895952742
0.6125266047838692
0.5981495934669102
0.6039397532694808
0.5931274370055333
0.6049217289296266
0.599239102590864
0.5948673968560227
0.5943878365454273
0.5887232885182461
0.5869366392911037
0.5937639901014132
0.5896383802467418
0.6088993724818542
0.5823129379303655
0.5805762463083891
0.5848493481350836
0.592167229295891
0.5787144200267079
0.5772570680792086
0.5801110125590707
0.5750561150434975
0.5791440096413978
0.5822272935760355
0.5734687074322566
0.5856527404807438
0.5716759871656649
0.5680897113318756
0.5745541066209846
0.5709696114063263
0.5665557626808915
0.5720498350179084
0.5696221116547272
0.5682824967063476
0.5716542384334814
0.5717847756693296
0.5719513675876867
0.5697444468458123
0.5741647509770973
0.566492565881426
0.5678641375537231
0.5707623440528584
0.5653021257614421
0.560656067366912
0.5606410372480054
0.5647604329006695
0.5574798957209721
0.5626884593027774
0.557752960753218
0.5628452209111686
0.5590224227058553
0.5616476466165525
0.5633105151007108
0.5540606733237472
0.5615677727717105
0.5561107739666912
0.5581727824478506
0.5530122162025666
0.5508821665126586
0.5573892264722664
0.5520461789358442
0.548880959782645
0.5490842361316502
0.5546482236028831
0.5495340175160738
0.5536049356527417
0.5485943048913903
0.556391930747255
0.5451587758888709
0.5449190944711738
0.5504547318565511
0.5473104110945051
0.5426666577842748
0.5413619368989891
0.5472969173270965
0.5510861040832841
0.5430810198048565
0.5502799938772326
0.5426386851016606
0.5372607699621503
0.5347221836308452
0.5357492588390814
0.5308607894683552
0.5331001788656288
0.5340094560774687
0.5292391905160708
0.5271918275088907
0.5278932558041867
0.5259707110507466
0.5338436412477048
0.5231441139617813
0.542117286229802
0.516451434832867
0.5140372383817334
0.5050502249570651
0.5187066442498537
0.5016385071745543
0.4909011816309991
0.48497448652704184
0.4879914953886906
0.49438973676378484
0.5412306331585501
0.4830923826895028
0.4751709354258029
0.4805109470247108
0.46625899850765123
0.4748308393999795
0.4647139224493615
0.4662896656544409
0.46704111505891677
0.4631047850457307
0.4549233726808958
0.4592370042734057
0.4585145594917725
0.45577931821903334
0.4518623201646537
0.4561508456680262
0.4528786974532582
0.4601593805807773
0.45449895028756043
0.4390266832904281
0.4512120114865704
0.44779227437259994
0.4449343828954429
0.4630921070820817
0.46387561626523455
0.44186570042761686
0.4375092420622567
0.4367810287208201
0.43459048031646513
0.42807694183331785
0.42897940628996517
0.4295422457088934
0.44628711337241056
0.43292802349429266
0.42991641108120715
0.4309271755062531
0.42815469748505924
0.4269970532889678
0.43004823719786706
0.4377846935085047
0.4235839088943517
0.4222762562404169
0.4258090460968909
0.42275734371114
0.4264036174689498
0.4238295716660045
0.4221154295395468
0.41809265635838017
0.44307429016193495
0.4259799214724068
0.41787751868506456
0.42997794786346294
0.4169871637197298
0.42053620169095907
0.419319998995166
0.4185675583153127
0.424152743872081
0.41537750073682483
0.41921119210876034
0.4148867957502882
0.413737058361
0.41629003503612266
0.41796485647976955
0.4148849817079918
0.415129236807333
0.4140770608019606
0.4205417343389208
0.41170848362913753
0.40983061394958853
0.4140190679893315
0.4123137710250427
0.4145776905189051
0.4183350795897368
0.41047249386243734
0.4119072857304154
0.41862250544200436
0.40993374474694794
0.49829679783259595
0.42005421625119505
0.47736130334506527
0.4118695515338506
0.4091762627396628
0.4100838501319707
0.4087192382767936
0.40648739610876994
0.40322378194220715
0.4093935670696686
0.4073049047282923
0.40491348922809706
0.4087742837232964
0.40737210060948525
0.40540489387289386
0.4048491574336435
0.4080322192651089
0.40153700531086073
0.40475750025187696
0.40709666420366164
0.46378637251452864
0.40678272765373513
0.40392732536681347
0.40107121952226227
0.40219921542105275
0.40056606625842156
0.4026702453042859
0.40404640848391526
0.4015734103795524
0.4007101340271602
0.400145666064503
0.4146241066611816
0.40675472920743105
0.3985374004484337
0.40012811528188047
0.4012731625654987
0.39995085914558337
0.40253701917478973
0.4190102801701733
0.4140263542393658
0.4016606590458166
0.4012036927949602
0.40147650158293896
0.39936468422969923
0.4031205485078776
0.4023164001023658
0.402627885898697
0.47633848151313923
0.4092792065065598
0.4027193294507321
0.4024249962835668
0.3978932848043531
0.4015991269985092
0.398085281949177
0.39885519458868796
0.43029959151678
0.3980216654104607
0.4012113316593883
0.39905790079419856
0.433694432829028
0.4076691108329274
0.3964051392590888
0.39695084512790785
0.39600848678116485
0.39711498712824883
0.39812103944404104
0.4011168354582564
0.39600276055737077
0.4034928478927256
0.3982329312886033
0.3960933014054165
0.4305660794271487
0.40087985240410423
0.3946025318631502
0.39549788387022283
0.3962930897685969
0.3946981870125387
0.5157582851770882
0.41968993731191223
0.40386610136967954
0.3993724698775283
0.39691155480447216
0.3962337803617816
0.39838036114924424
0.4009286818381782
0.3950500741740253
0.3961411207635826
0.3983880000136723
0.39545729171449895
0.395146577993286
0.3926867611497362
0.3987207329161813
0.39633745790642
0.39464397129611434
0.39500451867825515
0.392344903166049
0.39368223531223906
0.39416485467803813
0.3971267732504372
0.39497039529764766
0.39620068279382226
0.395064199639258
0.3947695212386479
0.39410129746544026
0.4004971942054891
0.39913023799379294
0.3957815563010278
0.39314326059038396
0.3957110612748939
0.4031361996013427
0.3966505641692153
0.3932788182641858
0.4390950151414515
0.39393643324620253
0.3925134302856766
0.39276062133156253
0.39184006881491046
0.3939595734961679
0.39752701983273586
0.3934710869722277
0.3956003929967078
0.3928592837302484
0.4246503668967809
0.3915943088375519
0.39117863885710175
0.39011322532858805
0.39087676918395214
0.39008306092190964
0.39365797872855285
0.39099593585896714
0.3877969105667043
0.3902127475382012
0.40790231233445284
0.3899328616734977
0.3967378426378018
0.4057230868629206
0.3973068310835651
0.39013081120553417
0.3891854522941269
0.39285254589865143
0.3915504083455166
0.3881324184275119
0.3911949212306014
0.390412322967966
0.46028443042920014
0.39517903787510417
0.3972572987881776
0.38990414922482497
0.3907830080139303
0.3887225119310005
0.3877122789342827
0.3874000263548343
0.38745882940069537
0.39359342745531384
0.3855981475838991
0.3845255438969514
0.3900032934741439
0.3883690626543259
0.38806179778598177
0.38853677550208904
0.3929675126744208
0.3911543569275152
0.43678728358767854
0.3878432737889691
0.3843643509338949
0.3865282017493916
0.38377703907333804
0.38627344648414685
0.3878731343233697
0.3848286493916378
0.3834497179383429
0.38397178778024477
0.3846861424847184
0.3904274362269963
0.383028828930632
0.38791048749585016
0.3858172645635694
0.3812622645190943
0.40967797230337266
0.38311918344453116
0.37898752093315125
0.3885169920520248
0.38330190371130113
0.3823110269051846
0.4837785691858452
0.40493294401703595
0.3828482719782357
0.38289361300869523
0.3800317826115082
0.3776879866268033
0.38064437826103137
0.38643661587037775
0.37933302454859297
0.3818575646554198
0.3794719000286031
0.37908833049168095
0.38245866538208223
0.37766771561631535
0.3781121618279787
0.3807217138949956
0.37931639944838585
0.38005142819101567
0.4159487029102361
0.38640208890504923
0.37870361259050456
0.3809760811729966
0.38100429784471745
0.3782243608871353
0.3839159304293517
0.37818263874989805
0.38895060219497324
0.3777762865908792
0.3768733511461276
0.377212416345828
0.377506782518369
0.37948856008387055
0.3733797332393789
0.37763957205776855
0.37720913029162684
0.3796572094765779
0.37576450644252457
0.37642684244663915
0.3773483709197178
0.37368507878245594
0.3744132229100878
0.3780325333648753
0.382202630288133
0.3840822485562797
0.37430846036594606
0.37620714362536634
0.3834045526580276
0.37390441927954415
0.37192105355663835
0.37182447620641407
0.37321627056487255
0.386514743354833
0.3797407196225407
0.372261386608409
0.37578300950683163
0.3766051603254871
0.37421540929892355
0.3775847905150084
0.3763621017754635
0.38001332021205225
0.3696332144960065
0.3700088631605434
0.37524796980563724
0.3833042483463466
0.37207825857902244
0.3900180408887774
0.374611865137225
0.3739408315899216
