0.00036851009574181607
0.0003145867355877694
0.00022231926155069054
0.00020487113700558743
0.00021732633549515995
0.0002458215854544897
0.0002766365591089559
0.00031982973865006634
0.0003564738723438945
0.00040965835398807776
0.00046231797758981667
0.0005245535707054137
0.0005901831809138314
0.000689456435439285
0.0007400699620386271
0.0008133546448590004
0.0008925113223984921
0.0009758048612373264
0.0011274808357654607
0.0012845606370898808
0.0014100736739595286
0.001527184438900429
0.0017447395067948024
0.0020197120870983276
0.002162376414131624
0.002493735068400952
0.0028822308289382453
0.003091434188176658
0.0038553224200703735
0.003869947565332306
0.004387406263001653
0.004889323811695566
0.005310538707977712
0.005944217095667783
0.006890454877181893
0.007567845158495204
0.008600633268764292
0.009042552838011293
0.010186792658258243
0.010635392039260838
0.012286424281054668
0.012771318316082941
0.015727979652513838
0.018113141830605962
0.017260294418070424
0.020872792086044277
0.023285388496568363
0.026857618315752303
0.027962623718665557
0.026837123362591652
0.026554957248465846
0.026986491667588104
0.027998681037167038
0.02619011192634869
0.026121054622536517
0.026753963728187682
0.026013824289964602
0.026316445282475554
0.026048746106497357
0.026535500311868243
0.02500279931079471
0.02608278491761019
0.026684030049832795
0.02524221790012684
0.02470360817701629
0.02413630334848768
0.02445746117972591
0.02394755140700367
0.025856638341193342
0.023780078553919042
0.02772487270251642
0.024994029182145435
0.022597256458402794
0.02280809996084551
0.02406058824631605
0.022356398375739765
0.023082404631130704
0.0302147450490614
0.022884984636742076
0.02067857463094179
0.020765602466570082
0.021122325874502294
0.03444368214684814
0.04140710317240226
0.024155005258037134
0.02103347981816039
0.019544223163011815
0.022807631753245544
0.03615759339616093
0.026266133091813616
0.019828207898982677
0.018164194656417387
0.03727138545085094
0.026700017199422537
0.026104239977142785
0.02468878651309884
0.0231127640378944
0.021984791714516696
0.022070287360569065
0.02098769114844585
0.020408471404445752
0.025503637394710874
0.021131027618960272
0.019555390924075794
0.03810089165937811
0.029550211434339762
0.026927838126399768
0.026143954937740434
0.0246622608974576
0.023809835276381575
0.021476794466766973
0.02252974228982287
0.018932292883176258
0.01804607835239016
0.01961834520478262
0.02051087657045503
0.035011386613916146
0.020386001831164745
0.016916493670700975
0.015830432373528065
0.017240393641736178
0.015371730861564478
0.014505084842959705
0.013776851859822702
0.022966276125263856
0.014991385124498205
0.014334467717547542
0.03298049367971244
0.020051674139494085
0.016077731800534192
0.024868532373440846
0.0225007230440357
0.013628838555922222
0.03157054644587279
0.019672084158488763
0.014802610233063332
0.0205547709998148
0.012982368451797784
0.03540456198741881
0.015484388839202315
0.03399057546456097
0.03691637383125136
0.020469961949529943
0.016451044056969188
0.013832781547575855
0.01347986197322328
0.013329670012820415
0.013776194591996041
0.011599009479866938
0.013291431226408325
0.015072665463309832
0.012125864484581106
0.012466370105422503
0.012002516565809536
0.01859637750277805
0.016042264734747146
0.0143258899200903
0.011734589536705713
0.013900228890272953
0.024784633036954013
0.01869522180924478
0.0112581028766958
0.01127291270287547
0.018718432240913647
0.014448651770122823
0.011640293119921723
0.01338475439278932
0.011276999909660957
0.020755450364223188
0.013398904367332602
0.02892088580681255
0.014315875322114997
0.017267571132602206
0.017197377596064455
0.009894586128116434
0.02099070712411253
0.017973060329001717
0.010442536381816261
0.009627300182929479
0.010222379405972329
0.04929081020765146
0.02109543862665414
0.0115921458103851
0.010297547613378711
0.011521386909595087
0.009133013778048732
0.013611110572595052
0.018306699809914784
0.009550917184691919
0.00986204189527431
0.011186595325975606
0.009111868568141474
0.01366504438898146
0.009022387689021364
0.01899170069100705
0.012536772498895836
0.011239303301231523
0.019313196819066333
0.01161123907598161
0.01342001395763948
0.012069269748795288
0.013722574884204494
0.012648412522647097
0.022530427499070818
0.010451336563931088
0.009975863400016553
0.008730758947742343
0.01743423473177136
0.015318262222491568
0.012645188468763054
0.009511592273848055
0.01803694509077915
0.010296909564980463
0.008834048939087473
0.07991799254280825
0.04342733229395379
0.03426899958387966
0.030940808505796537
0.027951090575687672
0.025773965272257168
0.023095478251408993
0.021021937452647348
0.021596691128187413
0.019053050976121023
0.017813420338270148
0.02075211392638835
0.014633171453946428
0.013504979640161723
0.028592641381651497
0.026742539047664694
0.020448806580532802
0.018919755193694366
0.014353608419553618
0.015543133261079868
0.012903228102161197
0.011924379601139812
0.04198212986846876
0.014717422640265038
0.011607793485048168
0.015336124107855537
0.011324874312034373
0.026005839892359595
0.015155207904662644
0.010928267508410337
0.009516935863563518
0.010972933670198928
0.009552110012704403
0.008573127850325088
0.01920643117896208
0.011288189511460144
0.0083789709364221
0.009441893621895476
0.02344235091048122
0.02325937973705124
0.014082178785657503
0.021232723338662017
0.021077468414871153
0.013802193294450194
0.008705137739627717
0.008023388621882161
0.014069642641403701
0.008718215427902085
0.007703827174331588
0.010866279653639774
0.016853227328041686
0.03557807322040423
0.025499143290650866
0.01196619117203472
0.00886807458785673
0.01399685886918745
0.008865981973177485
0.007937684330796257
0.013241530360291234
0.007877089513103
0.012888707948695129
0.008028833748430907
0.008336048001207215
0.007387775425059714
0.007916521421399958
0.007120165807344996
0.007156177697274206
0.019047414493304066
0.014949663945958576
0.010333506515151943
0.010146442267517054
0.007889029793162248
0.010850632680956734
0.007459455791927093
0.08418878387966741
0.030580603772223217
0.02297285244859448
0.020064833312389556
0.01825417172205582
0.016036208781800912
0.016125341387263285
0.01375761545308576
0.01319531589390689
0.012135238193973118
0.011496410653699706
0.00956066629207564
0.027652928055427996
0.010765671185897977
0.008810854587557444
0.011480216488018911
0.008502294128928124
0.035978723638289876
0.021607929927886425
0.012274684090592833
0.035318332465281814
0.049478145099981004
0.02489039287919855
0.01916375890206755
0.013842360095612788
0.011468525615796336
0.008954782765323806
0.009356610014797484
0.009084397904253966
0.011724904730692785
0.011264403576505709
0.007176579872655511
0.02322418400355046
0.012167720828721586
0.0771309318725536
0.0554505188911037
0.035372132480786314
0.02907430628586686
0.027262331771381786
0.020965756238037057
0.016899549983065115
0.013449878281868352
0.01052513199488629
0.009191341979833746
0.008353033267861505
0.009783650163302987
0.011447056187909753
0.009244611733575606
0.006685096022327629
0.00823407610512098
0.021302094046472944
0.0076688296834795215
0.00686980335369762
0.0632275918769835
0.025017910619520963
0.015764928850160443
0.012262610408167044
0.010927945022272427
0.01014048857823684
0.00973270983131749
0.008274379474100438
0.007605102980572186
0.007416872811688578
0.009033879027126377
0.007667191653627526
0.006804566337702594
0.011719186492490997
0.02905388655706068
0.012584293258554313
0.008171926370267285
0.007363386547248741
0.009282281624906685
0.006979164560604492
0.032620283797704215
0.02956025608926872
0.012816958018658816
0.00845452318184273
0.02519285583551206
0.01206269199795993
0.022337073851760463
0.008235791132154033
0.008283058409875586
0.0076872521308547215
0.006731479125679907
0.00800659816994677
0.007403728230821478
0.008743753560386208
0.007241360813968777
0.008752551578135275
0.006352763904663228
0.016928881586421182
0.01174454138813059
0.008915816010795673
0.006635616618044646
0.006528681142810272
0.016389491051794745
0.007287086339053534
0.05973818332780055
0.020233802540988177
0.012103259953241168
0.010476993967182515
0.050809747553413054
0.019952901980878037
0.01308866599853733
0.008425717836783062
0.007607864372934518
0.018019300673596476
0.045519134427389404
0.01872009070754079
0.02173437568714863
0.010350148953943887
0.007370440064831759
0.00883454780185016
0.00709841057853529
0.006917445976217364
0.006110384434196498
0.019496841791298673
0.006870075978324766
0.006225528601427957
0.006766149536130971
0.012989481122316689
0.009161824426763736
0.0058995635612355025
0.006277814130769686
0.024168288527921623
0.009468256272218619
0.007155624404462396
0.006948874145397421
0.06921140626831546
0.054219500346576674
0.03142268917687265
0.025487677532523758
0.022288930902348254
0.020016961811242927
0.0169767676765441
0.016287195480564672
0.014045003140589382
0.06330760733716273
0.030294243120745325
0.024122688403067073
0.021420109319441327
0.019090311319221943
0.016569922205535104
0.013822777451396212
0.010871337614221018
0.009082573014294052
0.011592651084274723
0.007922029845618855
0.02327750602733581
0.01340491994378272
0.008468353822618053
0.00897672769617052
0.006918779945817221
0.006188399730030489
0.00644475943147299
0.007849560115723575
0.006666830799294712
0.007018145330316537
0.017464446002436098
0.021541791187585348
0.009508641155468027
0.0071210410892405315
0.011116372113123062
0.006134499658390963
0.03223128170071498
0.026828474183793596
0.012302977331191971
0.00909614565604356
0.00809365575121583
0.007763459058548237
0.015925113630153184
0.017222536686800894
0.015764063326659358
0.032643652691990696
0.008480797090989709
0.013605313812040686
0.0077849329246054595
0.006505174459000066
0.025216421268946642
0.03689803017742848
0.01460281905477469
0.010174515195825741
0.016494943180438898
0.011814475613245078
0.008029674808581948
0.013543834819978152
0.012394725145381433
0.010373709467850096
0.010219322736392474
0.005874079838307916
0.006001813709997477
0.009853866686852656
0.006981045782935809
0.005622759034982726
0.019265716594612497
0.01044841469980581
0.08986727781166508
0.04487096896039301
0.026407034036944086
0.021167322818873527
0.017000798870240814
0.01318523402531607
0.01126001259113212
0.01057509168082576
0.02252262421754583
0.011102423815698492
0.008820635441007016
0.007525805640295985
0.007659062520820606
0.009160149633214714
0.0071192089710663655
0.008512677916513986
