0.0011965031513232697
0.0009588327734950888
0.0005690732765689924
0.0004947040050616663
0.00048435618675816175
0.000499549491112103
0.0005387513313402356
0.0005784187307197614
0.0006374822221417328
0.0006891746559679118
0.000757397339968813
0.000825411139565349
0.0009169441810024253
0.001056485337620315
0.0011689114952913384
0.0012487073397099945
0.0014237512445011025
0.0015623236008769788
0.0017356776755760085
0.0020410847363554023
0.0021458974108971964
0.0024819017666102517
0.0028388285455695087
0.0030134472846008197
0.003449782193289574
0.0038557574440714684
0.004303447997253318
0.004863907713861613
0.0054508655476785
0.006489691387317823
0.006879879452099794
0.00779973127798976
0.008585913492234124
0.00993804240857394
0.011230031910879111
0.013075427879485187
0.01370226912730642
0.016131592359854265
0.017800300249529912
0.021910421232856837
0.022322533868448565
0.026105185133520135
0.028002858113092877
0.0336147706732433
0.04136242988181025
0.06147409838097596
0.05178586801004767
0.06086346994011143
0.06844959304797069
0.05857490445399999
0.05699705317169986
0.05674737228659655
0.056082357244377726
0.05518875993816147
0.05577594076705336
0.05470052268007275
0.05534947176606914
0.05369536913512798
0.05437640325351154
0.05390507811575793
0.053397216725996816
0.05351570151634654
0.05345358918612816
0.053272154600767604
0.052833367753006545
0.05253998315736149
0.05241537282473586
0.05192123257209746
0.0529538637048073
0.052185667601975606
0.05118253864068887
0.05120094338159883
0.05085194410846921
0.05126900284477834
0.05062082672861408
0.05054999820274137
0.05001988278680973
0.05013038154537981
0.049873546093758124
0.04938573123754633
0.05086135953553161
0.04944402321280165
0.048354883618959774
0.047713328571466915
0.049040372166015235
0.04907974306396331
0.048803305197576904
0.04797411548873682
0.04723720257397225
0.04973402257994766
0.04725190408332518
0.04800422334073858
0.04902705729482103
0.046840937787227414
0.0458903984700361
0.05506983063836
0.05154926903294713
0.046915744420852556
0.0852071193329404
0.05618235851160149
0.050121339951896486
0.05532890473830789
0.04774922227368373
0.0455882888189639
0.05035725023862574
0.044451482970727964
0.046479696903224295
0.04879589005607121
0.044519256981794306
0.04809258262232671
0.04919342587140392
0.04492365783045578
0.04811796286467756
0.06521489522123382
0.07306123866738005
0.052868350838007554
0.04750087387050582
0.0469426614570707
0.04362034881382846
0.04377926169626052
0.10965174361226264
0.07034848301151718
0.05754268893532539
0.053109860543008154
0.05070385504304693
0.048141293548577734
0.04623444769043154
0.04517838540260265
0.04281542386008559
0.04412391691116358
0.04325930323549424
0.0428632383308049
0.0468715409144815
0.04796229593093029
0.044756708450420075
0.049835438655221956
0.04698879458010197
0.05370211492428619
0.04302063319929753
0.04072259681836496
0.05024497658153822
0.042460706740729375
0.04174101690339685
0.04167415115856723
0.07067801246649763
0.04617174720384655
0.04352050376463026
0.04458783391151536
0.056202373805731426
0.06804641103197573
0.04123603983011362
0.041911115758260536
0.06188358770411336
0.04318460648398051
0.050257408733336666
0.04190246101594373
0.04541013463773531
0.04335589731314432
0.04036684134758813
0.041059651562058076
0.04044391353673926
0.043150967824157706
0.04485442518685641
0.058483281469300444
0.05232911524171017
0.04312995399875141
0.04150346552164814
0.04235225653603729
0.03904397346860684
0.038991496511054845
0.05703232680841555
0.04293433463110236
0.04186680101639546
0.039108816897043125
0.045581219229526286
0.06274841512354572
0.04284024618789275
0.03892170459952917
0.04613456680449877
0.0393643971839536
0.06333649475894841
0.05089066885690787
0.043455833611026236
0.0414342370777206
0.04409083780529124
0.04386084783501393
0.037981172814295534
0.04435309487977501
0.04448924373402801
0.046292711335342476
0.04960152506828308
0.057549780583504434
0.039567068826114195
0.03996431965673907
0.07044327065125387
0.05255765424629722
0.04630708353321874
0.044995376665828826
0.04361136289041364
0.04164681299014038
0.03895170261825292
0.06361406862958986
0.04795483727887105
0.04738026267189658
0.0517270208549187
0.06538281672763244
0.0424991710676571
0.05041963110367457
0.04555621043489444
0.04920917722895351
0.03797867352819621
0.05607639832164018
0.04128205932481459
0.07614811113599534
0.04711802997922853
0.042079791768492386
0.05267869141162111
0.06785784442717216
0.04574343133089918
0.08027916838334741
0.05676087434316396
0.04594133320623792
0.042108916960070644
0.0400588017110521
0.04103972296115388
0.038401446350560656
0.05017279608223992
0.039952141647872405
0.03691939412431324
0.043717575304852
0.06285529241161177
0.038910528484466814
0.03780089217597402
0.0483553268692076
0.045653075419282645
0.04289640492518966
0.03916307527585869
0.04213438371426604
0.04139652025749844
0.04157383178713058
0.04191689076048605
0.035510789986685866
0.04177021203834689
0.039143685160783794
0.037825960317131285
0.040186051983902515
0.04366127699822857
0.11431972386685203
0.052275048861845155
0.03803255785019433
0.03908874282145991
0.07566926393950923
0.04772529861983958
0.03957957463262233
0.05437079011305664
0.07853817060757219
0.06787781219245789
0.047007709246282274
0.04199926111470448
0.04199295227977444
0.03897137568796172
0.04049407010584065
0.049669097599744354
0.046838820029454734
0.06872640647803353
0.04262913264027249
0.03967380018604828
0.03536603194469593
0.05472078186909804
0.03984862307874897
0.03655000185866034
0.03648871660218592
0.03607326506703311
0.048226073572642345
0.055900076257713725
0.03599053013665176
0.03473622325026476
0.03431648453732443
0.035244021889115316
0.05069282324461455
0.037568693987550805
0.04224332374579898
0.03603684151900953
0.038426695108999695
0.035407146930778295
0.035627104861710626
0.033154621804028415
0.04279671574171898
0.08353903413181671
0.05765726893079861
0.042114782911003304
0.04078669241221433
0.03656927960112077
0.03642226818753651
0.03966691144410702
0.044940230754040154
0.03953861952358194
0.03372482777911514
0.04390735330220577
0.0331503784437472
0.035887358326478845
0.04985710485290722
0.04343190084975422
0.03440802250657412
0.042208834805906044
0.039124070014455795
0.04398141293489977
0.032617105624537346
0.04448137107245931
0.04507261979627364
0.046381359096714175
0.04034603052259831
0.035533197984545864
0.03609447479806143
0.03443240286077788
0.04379161165448164
0.04699942216360837
0.04197722033698684
0.07066396207370784
0.06856053464868095
0.044435356307621306
0.03582493581003352
0.036066860741890326
0.03551151752053352
0.03120521900387069
0.031479094547223065
0.060642537060943656
0.07263124529063032
0.0507430706926611
0.03880123105527979
0.041279603409744826
0.03427062218150731
0.033026880267240134
0.03426310633508007
0.04210882992152306
0.03635674577959803
0.03829187852040994
0.03356971172092671
0.03466757404014524
0.0288346888330043
0.03482527659389745
0.08026660353377853
0.04483421565441603
0.036660222877305325
0.036718801574342035
0.03109345456396931
0.04738315541213483
0.03553470494469788
0.03541353405959039
0.03264963827776105
0.03609389615723033
0.04135718910295642
0.0591911802745044
0.08869834930709239
0.07202906861957092
0.048520126188180863
0.042215524059947065
0.0384937934926275
0.035172885800066514
0.03220157025291232
0.03138185739307926
0.0416368470502815
0.03829660572892941
0.05897985099490439
0.07032018166021461
0.03698009493924705
0.03672776027314002
0.04167866917180546
0.036874922902815126
0.0335796693800373
0.0799868790718835
0.04155750952884276
0.03966830323418875
0.0330293324256267
0.03053818101740062
0.03406147648011812
0.044824012004062254
0.03724287935159403
0.03208551693651895
0.04750453647267952
0.032173583343318116
0.03137450130161051
0.03569788402399878
0.052761001058955315
0.05893453761014376
0.04196578070298116
0.03321286324369774
0.03354404866695404
0.03769781216909265
0.031278089665518274
0.05792552785257275
0.08312503733996594
0.06224138445956877
0.05478925493716747
0.04719770775780026
0.04315559399289808
0.04902647307303068
0.03636038546146971
0.036331327590212396
0.03305496430296576
0.03233876642997792
0.030920795883550848
0.03267576458274425
0.05967696675200587
0.039666206537561026
0.046720947400572595
0.042517851727704205
0.03599630549117532
0.028904025209195605
0.08526555050429557
0.06507485171549776
0.052689534329463925
0.04466936022936182
0.038316512766402314
0.034541238664408745
0.032122714696138095
0.03122968404564295
0.03213600724698341
0.034043339046227576
0.0290965914293733
0.06162175486973497
0.03937041444864389
0.03951993963789292
0.03257061213199119
0.05488163357677308
0.0359873767900333
0.030061443385141395
0.035478882592743476
0.03635749834753601
0.03324446177340291
0.030523655754740767
0.02877259874639663
0.038147848563387377
0.029271104285835327
0.03509017765131336
0.05282828841735138
0.0801784150260553
0.060350946684399345
0.039695324808749814
0.0373314062782218
0.035524883851660104
0.03836621449430114
0.05891745616699314
0.0650518952349152
0.040891916672472425
0.04634178492627787
0.03393108707465482
0.032013764650271406
0.03608914382741804
0.132074906975589
0.0734445225963655
0.05266013124797228
0.042696261820331045
0.04017343515118633
0.03590442893908042
0.08595531697521049
0.05331916537149792
0.03781815248538046
0.03726005668260073
0.03391401829330551
0.03351071975036953
0.037508919210720824
0.032705542715161705
0.031378469590362765
0.03285441611464439
0.02933860295678904
0.028135990158895428
0.02974647664454546
0.0395316273769301
0.044344069851276355
0.02932076809111606
0.03800147059216593
0.07753365610338998
0.0702248824837056
0.05993776144773773
0.05367272370233295
0.04974367618142219
0.04536548877058181
0.042178340584095496
0.0638019387725364
0.045562885234251005
0.03706459258770228
0.03250024152033673
0.030900273841809243
0.07240956428387527
0.06656512701779269
0.04002044997997722
0.03216149031153221
0.036193634592666384
0.03399104600569952
0.049431313275732795
0.054023001266273664
0.03760190688296874
0.03184215381936857
0.0353433240784074
0.03251830844927146
0.030600612166892277
0.03872579682883475
0.031359895920792545
0.04863365636336223
