0.001260201779154223
0.0015336924100395393
0.0018002035250066074
0.002171140589288788
0.002667659441342678
0.003221324014924215
0.0038969494517250743
0.004841320885257241
0.005980299110838992
0.007431496645802179
0.008891738897718087
0.010508719285811624
0.012664353295632109
0.015318752653468904
0.018146365157303376
0.021485404067395908
0.026390785666031612
0.03077458670186634
0.028938720720140514
0.028074605830919905
0.027252221643622662
0.026173185997617407
0.02616368528656863
0.024956426114422847
0.02582729800377746
0.024779206922126783
0.02354804507607745
0.023291235726729437
0.022569307931573003
0.0233515280965917
0.022634083581333224
0.02224464326895572
0.022411296049737045
0.02122597296319499
0.021043488378258975
0.020895739526462717
0.020974807460112748
0.021008610511450348
0.02015264404031473
0.019718941933525778
0.02180578831482578
0.019501651111814018
0.019250180562832266
0.02101337067103265
0.019574559227613784
0.018558711779454874
0.019567014108336455
0.018032574296198988
0.01860515685827547
0.018124510757499247
0.01852757135418722
0.018391929768227244
0.017849532855875993
0.017908146057428943
0.018125273331345337
0.017660400729525735
0.017630447309489386
0.017063478023644437
0.01617726228338339
0.016380381584796752
0.01639430342569343
0.017402905741127562
0.01608835280293951
0.016018794446780876
0.01590839375401973
0.017897651244483486
0.015580147901247884
0.015877837850082968
0.016082583656031137
0.015265965164085297
0.015565687730732197
0.014900116841434627
0.015597367369746035
0.015496452622165953
0.01434567743106871
0.013988590198317292
0.017489485851665203
0.018899704877136124
0.014365994346302908
0.013776570709573256
0.014859039981446758
0.014724358991795295
0.013566440880625835
0.01508887522426006
0.015570720682877142
0.0150043216622057
0.013772303634952451
0.013817160833954206
0.014450253984840537
0.012271193331233351
0.014128869575624531
0.013160716197956857
0.014022170543997875
0.012465450418735476
0.013836580627547527
0.01269189580469518
0.013848183793015778
0.012760272384872911
0.013774238539406576
0.01242184271796833
0.011810265550691937
0.013137493789120502
0.011498522894406641
0.01359529807421102
0.013750249148673704
0.015870935717798972
0.013550980730812895
0.012345321467020423
0.01275407345462087
0.012629828365469302
0.012363321770838386
0.011958658493853904
0.012008372889328245
0.011674571587276217
0.012029153373520318
0.01122846981082615
0.011846016655122308
0.012815102947422781
0.012036827040483823
0.012126423173105798
0.011679834314949206
0.011778763621240048
0.011402741653492322
0.011380636139546294
0.012259501394362667
0.011088945330246477
0.01110093860031181
0.010870727553107851
0.012889915564399515
0.015911923208575998
0.011232197319308447
0.011065413382508466
0.011540118683557454
0.011710810110073638
0.01131519122124725
0.011178990061445212
0.013445197519644894
0.010837495515777453
0.010818837172779682
0.010592492788123924
0.010564880842040922
0.010036281212484715
0.009794139525085385
0.009920804144663585
0.010713444144867763
0.011438783475298536
0.01308916073380592
0.012036763433669065
0.014716509846039116
0.011767132427996478
0.01142602856270969
0.010067986071147528
0.010239835803371828
0.009704276851718189
0.009870723015754609
0.009379431721754372
0.010225915060554808
0.009969473350793123
0.01066518239865734
0.00995642291319028
0.008671042946721049
0.009697637696926659
0.010577006806694978
0.012516934201247184
0.009800921801502842
0.011000861781901
0.009530510784856774
0.009403341764433158
0.01346101881181066
0.009907588302912945
0.008985440998740896
0.010191675102514392
0.00978726737603948
0.009234894158293467
0.009080535298011996
0.009053365851286799
0.00937518584101486
0.014365085548519887
0.010794620070530957
0.009118538661356512
0.009227256704360951
0.008766437100397574
0.009098818852893403
0.00976765649141492
0.008960614161805023
0.009024119803782654
0.008826062048634363
0.008941647722511678
0.009274570071578931
0.008615030189724388
0.008702995186369564
0.01007910182926099
0.010049838022127546
0.008386598648251715
0.00786163135922539
0.009098725248681935
0.00841095605613412
0.008794771051160185
0.008821216616402002
0.008850211323226324
0.010818880078118496
0.010978818266979745
0.008794904088702154
0.008377354006861916
0.008072072262498172
0.008086195445267131
0.00873868540401344
0.008416832781812126
0.008293556902129707
0.009225092982445416
0.00959358294809086
0.008535484777058702
0.008745268861939376
0.007778144326702868
0.007957528858143534
0.016783701668090716
0.009428484134086585
0.008652906971857758
0.008758958089291244
0.009115451798975669
0.010515600634814316
0.008413211398481115
0.008746319135802018
0.007366838061087136
0.0077391882124986195
0.008055070907544546
0.007267943424537677
0.007518393064635126
0.00940685484375855
0.007961283245979733
0.007623958333735229
0.008828960942746317
0.008195228511278794
0.00980918831821229
0.0075960540860841004
0.008225925864551115
0.008260712055866985
0.007406458024225022
0.007112003216280829
0.008164881896919798
0.008208299699126164
0.008056123512859985
0.0074892756749397596
0.010872077188970571
0.008892206497163185
0.007338758029446409
0.00909641507629154
0.007884352486832318
0.007435531003048291
0.006959099053543665
0.007602096919121372
0.006975031803941002
0.0066595578320777496
0.007614419366094611
0.007093253468377264
0.007207961004177058
0.007037883951655916
0.006897392525413149
0.007704418212351565
0.011387315456050675
0.007802176968874158
0.007238336571341229
0.007790655638657611
0.007878698147455784
0.007483182103700332
0.007083922956528998
0.0067056815715733215
0.006616336936949173
0.0065291329771531995
0.008379872395921297
0.007997066083024381
0.008608643989695387
0.006564122121277693
0.007186172449822865
0.007365739968844463
0.008162262736240754
0.007727858391779198
0.00694917853783212
0.006182224683249621
0.006238320932056554
0.007863834970693633
0.011499961397635776
0.014353159796194854
0.009243071455244176
0.00827635607266849
0.008206934027839452
0.008366293242402576
0.006862337674278565
0.006582796646005197
0.005964837856653675
0.0063678139893061205
0.006108800817683742
0.006813117362735038
0.006692907335614231
0.005899141338100103
0.0069866991645933406
0.006528322352096438
0.006380598399020429
0.007319790278120923
0.006412539214235605
0.007723811930485976
0.007000376808620687
0.006733855179108276
0.006145350339293883
0.0065333418582717104
0.008554610559037206
0.006023453971736033
0.006822373491485376
0.008603919108675138
0.007350977568421513
0.006483035863729546
0.008282262364691878
0.00621552110926525
0.006691428381207122
0.006026286600358985
0.006342380280870743
0.006012562202994485
0.011131064393683462
0.009406834563894852
0.006426879646873253
0.005896729495804253
0.006384014153563594
0.006070787025728842
0.005667932578551306
0.006038231372430518
0.006482580929956827
0.007768847671261913
0.011773156581094136
0.008365667887610962
0.006864737322856043
0.006522561483261352
0.006238470808917505
0.006126055394840502
0.005678707766787124
0.005901197106829165
0.005979828111751861
0.006594913632520852
0.006161701936287353
0.0058667299564223035
0.00552390722362828
0.00552730358558128
0.005750042892916984
0.010575286608277442
0.01349314270113167
0.007566518570309052
0.006307930794129199
0.006430368105931258
0.005487455681243257
0.005980090521326339
0.006942599742811777
0.006329399091506226
0.007475355754895891
0.01188492268714047
0.00839847738609171
0.006274783957082577
0.005686971675164091
0.0055724586882452305
0.005786589477400019
0.005928431665902403
0.006128129041187365
0.005241569790775208
0.006214961834327393
0.005299640967309274
0.0055871985984865475
0.005818312723390959
0.006261392307744638
0.005070782873804706
0.00609811329333162
0.005616906762903405
0.006108846399001777
0.005434073879056283
0.005905845440055772
0.005580377037404105
0.005269339876060651
0.006571231666335685
0.006437638579439875
0.005747899845733332
0.004959944330432729
0.006583342092690637
0.005334887570210708
0.005099666493667944
0.006384514338286543
0.0057819145621505336
0.005658352838803989
0.010675548091279092
0.00802055758587714
0.005562133589960836
0.004857894182645691
0.006612132109915586
0.00545464369399171
0.009757458981176888
0.005990428772182329
0.006297782953904086
0.005359353250635133
0.005095485498738551
0.006664286872585984
0.005155404126649168
0.005640374696373033
0.004786708362312433
0.0045237194815952635
0.0053122267221427846
0.005478857397384992
0.006038956229285513
0.004824135650729609
0.005094534767841971
0.005855975243124507
0.0070239054558270085
0.005931943187779571
0.005170662437464941
0.005888483768668832
0.005926068285417215
0.005045723270725559
0.005076115548207953
0.0046256646825428545
0.005209112231544143
0.005162852131950392
0.005678418172661819
0.005893496997855805
0.006238613757493629
0.005408510977930918
0.005248331266606378
0.004992101970757987
0.004580732845588008
0.004636305949109531
0.0051750362547101905
0.008342422979153894
0.006300702681639106
0.006247640784036972
0.006965240782183419
0.0048619129276532376
0.004876348023252511
0.0045721973229602385
0.005754199933034141
0.005630962899099481
0.005343217254031097
0.004821190031597743
0.005166440648404327
0.004295272074602041
0.005176817339127632
0.004476098285522312
0.00490966480464448
0.004872108424220838
0.005528296787618987
0.005857548039293269
0.005636953434913192
0.006111108485571537
0.004765999700867798
0.005706229358848587
0.006507101811695139
0.004962563003425965
0.00457416964078171
0.0059994147882822
0.004585020261426532
0.005692406368718759
0.004510508407366689
0.004859093726121796
0.004637442801361652
0.004896517830422601
0.005065443160994029
0.00450316517349534
0.004742038149915233
0.006164433164018634
0.005018500518368406
0.009810250642633921
0.005565575514353711
0.004926023249690597
0.00574422549893702
0.006464223363247977
0.006819251640007604
0.004642262663912481
0.0051118254235228274
0.004923268177269681
0.004538910746624744
0.00409685291752622
0.004321776772534626
0.0047206956353604895
0.006106394512981579
0.007837285444996244
0.006425846684283602
0.007773221792917498
0.004738489123426277
0.004744911143191259
0.004294891950259036
0.004654736332029004
0.004760411813402096
0.004321106105438761
0.00429464756932764
0.004790356042134148
0.013843491052063433
0.005025914206320571
0.004516867566004244
0.004861238584035655
0.004390520486521308
0.005175277260383843
0.004512865423552088
0.005011624337262097
0.005173242287521527
0.0059542758138598625
0.0049698631172194275
0.004769285168574267
