0.0008361157531717493
0.0006661741557872893
0.0005516232082259245
0.0005222044592812197
0.0005361924765671669
0.0005388562946862886
0.0005597015906017176
0.0019787687877819205
0.001438320269729691
0.0014847314873821895
0.001456838521682605
0.0012640301159963234
0.0010064889671200755
0.0010360771042821502
0.0011433573223455123
0.001282220528668581
0.0013536106911051864
0.0015322902686335843
0.00167494075052782
0.0019257863580636428
0.0020133261259275485
0.0022360624144663025
0.002474351410888317
0.0026739040230076465
0.0030060133391865687
0.003277473745968765
0.0037426513489789226
0.0038934993838423983
0.004122121292271055
0.004950560720930441
0.005411792561335119
0.0058954037370139295
0.006846071317729153
0.007774558484254315
0.00824213983693373
0.009318429054971435
0.0102215913492377
0.011330579547037123
0.011768253363166632
0.01327956130742078
0.014585951362363297
0.016012329585529332
0.017836435064882708
0.01950694432251909
0.022165628307069956
0.025848989974888745
0.02959865065507786
0.03615638993206095
0.03559877158732115
0.0347382974870196
0.03439260830872514
0.033783166993702395
0.03422664346571049
0.034590192446101474
0.03411872165926387
0.0336421366208948
0.03329238763309262
0.03309220757181948
0.03375935774952285
0.03283738983578784
0.03260295085036911
0.03318672961719362
0.03236693680314312
0.03350875554571438
0.03203117949295133
0.03215261772693543
0.03165930126225122
0.03201945864138532
0.03071611754121852
0.030679589381601927
0.03195690292139513
0.030656256461829953
0.03171646680808469
0.029060160277292746
0.030256456555973053
0.02904185431587339
0.030418765448619812
0.04498632364881954
0.029032413690779985
0.02782756279219179
0.026265739567912696
0.03404727914764752
0.026603448462815545
0.026735888710350132
0.025534582871957666
0.0287212116804239
0.026696668411099286
0.025911823319696756
0.039214446345406974
0.027899922011245727
0.02437320097667001
0.025128302942221976
0.02428835080692384
0.02889976365498724
0.023887634807534877
0.024731462489994947
0.023502666708988866
0.023689168044941478
0.04197403975877534
0.02348877465498916
0.022565651911725937
0.027313506624867184
0.02173992320337099
0.021168647640932365
0.021733741506180737
0.022064070042906406
0.02229332500957092
0.020150515714778883
0.021286692290674994
0.02168884454818254
0.02357343314668994
0.020421902042175276
0.023202371263827723
0.05152173938529657
0.0525901165236248
0.11494998402949352
0.07813362276342031
0.04897637334599923
0.04089932183452537
0.03758824787587486
0.03562157627627644
0.03399776427375244
0.03286606537994374
0.03193650822319118
0.033341163943769334
0.030181205629158332
0.02894701214667675
0.0281869765329227
0.027090301723236895
0.026551264770719667
0.025452006465235676
0.025801389275837257
0.02469489893663242
0.023422322051132215
0.022378426878835154
0.021624080965832602
0.023130785815124767
0.04472046496158236
0.028357917805680175
0.03563290959998463
0.03229106623288732
0.021665394205027975
0.019914264794201886
0.022302794919003933
0.021140670773576706
0.018963135902731496
0.024210707124057557
0.018954793903418584
0.018617508041738683
0.01817504193438461
0.03287099196300022
0.03447928760996025
0.023187166997248983
0.0341149459031414
0.04228037843752778
0.024999803043762397
0.019982576391167853
0.021177232710205104
0.01786772014524383
0.018472898048645214
0.0166795551532719
0.016777815326894825
0.01615454794225119
0.02548943626369988
0.014761904333037942
0.015099288051606118
0.015786576803341116
0.01871591621368063
0.015723605418738244
0.05836074116678162
0.06935185507246841
0.0271893582962565
0.018467838094615087
0.01822438179288576
0.017977545965700115
0.03346451540383395
0.017183683181272242
0.014280959105726038
0.033280140810998414
0.01669317701384983
0.013582881210434638
0.019755187819359567
0.014858366605871068
0.012975701980278845
0.014249344522914804
0.013360644627906633
0.012961221224896973
0.053289516580427125
0.028090148899104266
0.03914240399926678
0.021989640863507652
0.016985337283943643
0.0527302006133989
0.03252838303296642
0.019392938557175103
0.015174263020914592
0.01439002641626679
0.01271391695204857
0.016532518653275815
0.017678905859212862
0.013155326890769634
0.012423488321061828
0.014899593746561683
0.0208725954601297
0.011966265273221144
0.014708480992169584
0.01753889966044533
0.029208894813789077
0.015815892063206837
0.01199083464492238
0.032037682287143855
0.01741202494778325
0.017574069815712252
0.03501380661725719
0.5758377246886548
0.2620396124624581
0.22333492137742847
0.20110001498728655
0.17457249822018298
0.1563404809669609
0.13621310440453696
0.11447888947604748
0.09830386261368512
0.08815476937352049
0.08032701440741506
0.07053351045101323
0.06626741509982263
0.05997042011902127
0.05552025087010325
0.05231432882503847
0.04966474849074967
0.04610456921829936
0.04281615304031622
0.03981700740154651
0.03642605953197577
0.03354145728805092
0.03120875358930353
0.029895688874528425
0.027890614171125247
0.026489115899170607
0.02551893215654383
0.024121291300609762
0.022000312822616278
0.020879617771866282
0.019111050034730175
0.01863466478598196
0.016450454526291357
0.017800681647052813
0.020194242206098657
0.013920754651200682
0.015141487039611693
0.012502773280328746
0.01995655916952127
0.013558063150317257
0.02023417540138748
0.011505562649021268
0.011530464766233156
0.011455987543495518
0.026421745604232008
0.013107948769965254
0.016022924206495173
0.012435762390445514
0.011416816218034103
0.011787600488286842
0.02333307218971603
0.010575208221719172
0.012743073064757141
0.013176410772910948
0.030833275968641435
0.021556885960103755
0.032883759781592685
0.012451611788008599
0.011805647472268466
0.011383890142936386
0.014345503249990472
0.01617801917301777
0.010567610037830494
0.012412252701637563
0.06353667851760704
0.03111423652493552
0.029380386290646224
0.05483086325563072
0.021068626399106637
0.016489180804261667
0.01786289312388427
0.01160702763355515
0.03604022357857015
0.03888396618099472
0.019036533801087392
0.06690697915928807
0.029543705375286076
0.020304012975624102
0.016597992672553557
0.016784187905971755
0.03275169625752763
0.04172069316360165
0.01839827782254708
0.013562175556877802
0.03926915326678937
0.01805447070241979
