0.003224880915058407
0.0029623068970268808
0.0028568384209682655
0.002814810933224327
0.002847847533987814
0.0028960927326776337
0.0029627287748168582
0.003411603122705433
0.0035421073799499414
0.003277436247590776
0.0030896706839723424
0.003188042962498098
0.0035735390607742
0.0032641979672140284
0.003373944592986549
0.0035140744030252376
0.003691979374366809
0.0038621166070455805
0.004096791097608287
0.004144005937857575
0.004495914579867926
0.004990419435702013
0.005187722754905398
0.005439204431560993
0.005806438807112057
0.006081957520903105
0.006887790316206574
0.007127739237935356
0.007416307174492529
0.008321124732438545
0.00897897384914287
0.009563830007941981
0.010702833700715826
0.01173958797810062
0.012317975585380296
0.01370120398553737
0.014283822938339429
0.016102774473332734
0.016551622908129896
0.01837125051529443
0.020083768732762068
0.02258463946174593
0.02559334771142582
0.028509483874988244
0.030996571832130688
0.03630838429813416
0.04007741543795732
0.048333535222022724
0.04772161441237739
0.04640014276382852
0.0486440257158842
0.04680289185783836
0.045362587334511435
0.04568693225275488
0.046064586382122075
0.046055533396505685
0.04618431135928363
0.045107501806614554
0.04573627984088458
0.04524398096296448
0.04294776064710001
0.04343430095871959
0.04331075940071867
0.04213686443669966
0.04191862530169192
0.04345692348167691
0.04301570208694381
0.04187899149172985
0.039184660549634855
0.04002136228543319
0.041435460186797134
0.04000068359314168
0.03861623136710362
0.04046477944230877
0.039756774937224744
0.03781472094189585
0.040057679320849505
0.03728414841749695
0.0369419465294938
0.041173126395052294
0.042488450916965355
0.03565143280721894
0.03488021429404895
0.03534299404489414
0.04815313680453247
0.035227313100566135
0.03486379598047626
0.034865096828827026
0.03477554591826062
0.038660773002866945
0.03116584981160329
0.03297129195281182
0.030503905287591483
0.03398357630334097
0.037965452424093576
0.03926654847527153
0.028380652457084994
0.02979459532637721
0.06709812568633186
0.03216650590914465
0.03194395613888006
0.026864213896880436
0.03809614982874541
0.027370141512166695
0.02555006846073973
0.026504650701548945
0.025865304789572174
0.024484779574116516
0.026925865260793474
0.024777104966481972
0.025148122754533975
0.038138534744664304
0.02905341899824723
0.03285314580111691
0.022986274857897213
0.06073173576414808
0.02418205017147216
0.07141373195591268
0.033163509614179645
0.024632511283741908
0.022467720161858346
0.024367696194027025
0.02224861269586542
0.02088310353262594
0.021901243160503188
0.02066362805643611
0.021471721880584396
0.023213622625917196
0.030721726897085428
0.02116982636568642
0.03940768906155999
0.031169886543844522
0.02244019928329
0.019600956704230343
0.02167241598308533
0.022982262376667967
0.025139249379882652
0.01949111580820789
0.01996825191223722
0.026988526788794816
0.023763571614713482
0.022027761438226656
0.03880414594495006
0.02550620000202502
0.018567323590513697
0.019467397026145614
0.05350071051566119
0.03227807731761803
0.023318045256373366
0.023766981790100367
0.020082796533149056
0.018225547754683633
0.029824093507414454
0.03784727380516824
0.03049969311615222
0.03232025088609827
0.018798262105857052
0.042272400852181154
0.018094419526138557
0.018453113905639015
0.018994431925260843
0.017376288244926305
0.01923379987959614
0.017570412869491937
0.017575488335100677
0.018926249782132747
0.022040124830863116
0.02349179751006014
0.018658214083032105
0.017088921116281314
0.0491699083858215
0.03079331139876936
0.01858878197769324
0.01792076149125224
0.01620649817410145
0.019600039813667536
0.01579246110865351
0.03211302790365248
0.017567552652293712
0.030989977977611823
0.01713255127326826
0.018265166220495874
0.03202099810539281
0.01597466982015119
0.016127798481310688
0.023870837606126898
0.04357525684664982
0.020857639012558295
0.016408825232141586
0.01794373185447093
0.01924490530134531
0.016154971718439336
0.016900835293676524
0.018985831928666166
0.03801251757603962
0.020800719693414727
0.017158840066135935
0.01932433649744099
0.021677212903017967
0.014552710413904895
0.015940061756427145
0.023955633412097836
0.017810676536393746
0.014938196542320516
0.03058363516267375
0.05123804817290119
0.02152815427847402
0.015752770629282414
0.0153578334044986
0.016071689472104727
0.016563039266047408
0.015665734612316674
0.017296870694275986
0.017362470637434877
0.0192231202309721
0.05767337605182765
0.026854339149895677
0.017444224930490446
0.02688393946074312
0.015507752056606811
0.013678754306632035
0.015921605492799022
0.022067031723687822
0.026295537163925527
0.03215696299902062
0.017807214566216933
0.023358371454092225
0.019718643914461695
0.014042073688103576
0.018334362760521052
0.016523055329374717
0.034090231327960886
0.029953306328072752
0.01770508439151033
0.03994171633576967
0.016228318863203018
0.013481236736147146
0.012655980865844291
0.013386360254515423
0.018091234134349706
0.04616959117813391
0.01528903159874488
0.014316861209030567
0.012532435913922522
0.016161232588512733
0.014951103787227405
0.013902880040377602
0.015981944574371035
0.014945640239153015
0.022971397714012683
0.014253740896530143
0.01584871592914009
0.01688136202928502
0.04848791265856712
0.024367371664734815
0.01594327374846301
0.013687516484158427
0.0128511852926613
0.013900243935318251
0.01198672346791692
0.018643234481456016
0.01456870547101627
0.017956512638329345
0.025888503816899625
0.02568084190944942
0.022742573435205533
0.016879144211889206
0.012108097367393279
0.014433973742655936
0.014359452367554443
0.04413751141632094
0.037267662089471514
0.04174939931931902
0.03961380297311125
0.01636509635321768
0.01321876806656966
0.031302979740938555
0.018378520251883104
0.013007804420026723
0.011640648443900635
0.014128893394937062
0.012912131934897618
0.014700628030515007
0.013329032063833002
0.01657377447835292
0.01158006742164102
0.01130687092406473
0.01724729086499145
0.013938585793327414
0.013097795987438954
0.01243076803971933
0.01730841278597322
0.013588205728093895
0.016072239730269944
0.019981941787267893
0.04447907751621434
0.08609429451075386
0.04678333499765352
0.033086125623811496
0.026441078057533568
