0.015192974968813359
0.019854934061877428
0.021105856890790163
0.01993301118724048
0.023329107663594185
0.02091171819716692
0.01989348895382136
0.01928616515826434
0.01847569490317255
0.01831444780342281
0.017556996857747434
0.017425462389364838
0.01661657912656665
0.016336269085295497
0.016079067857936023
0.015533416972029954
0.01541730785742402
0.015193285946734249
0.015154964569956065
0.014739023316651582
0.014659411692991852
0.01481693075504154
0.014221921772696077
0.01442068797070533
0.013694844066631049
0.014183837799355387
0.014338951313402504
0.01380133735947311
0.013055235173087567
0.013620856176130474
0.013832182278856636
0.015723299274686724
0.0142263691755943
0.014209925988689065
0.012361068942118436
0.012350894678384065
0.01273256067186594
0.01199826512951404
0.011896266762632876
0.01195015870500356
0.013138585959095507
0.015317042362876237
0.011887228905688971
0.013465579734183847
0.012929314291104674
0.010449149888008833
0.011236374936997891
0.01290772130480036
0.014971015378832817
0.00991795834619552
0.010601152225863188
0.01517857944360003
0.012515038646524772
0.009940565348370001
0.013137822046410293
0.011055952121969312
0.011680819389875979
0.012406218484975397
0.00997935552499257
0.009220173250650988
0.008831687944475562
0.009244029762921855
0.007353207091800869
0.00917161996010691
0.008140067972708493
0.009794598127482458
0.00966785199008882
0.010786906082648784
0.035618816275382416
0.02173955238889903
0.0188667963584885
0.017288106996566056
0.016240567560307683
0.015065885339863598
0.01417126934742555
0.013832931297365576
0.013369862695690245
0.012708488951902836
0.012590223015286029
0.013097210635896772
0.011313012344762683
0.01017066789790988
0.010459236961323767
0.009800851817708463
0.02794542565010488
0.015061247248668223
0.011177295702509582
0.009783990465803073
0.00982663122471422
0.016775207601021976
0.009323377424152568
0.008583623303566127
0.008145335530862212
0.009383413264295086
0.011247935335850343
0.012524780817329884
0.011929114825325087
0.05755915854126215
0.02208618324715644
0.013820707788690925
0.00997989297611639
0.010729465902550146
0.008672845567343757
0.01210043154656887
0.008326993464725091
0.009274825368775054
0.007162333345040679
0.007150735288159921
0.00723392948450055
0.006606767034390941
0.00885720646532718
0.006120446186396293
0.006797626748448238
0.011305869347415865
0.020982719662133605
0.008447811717633157
0.00624279999290593
0.007057183533906937
0.015513134367065504
0.01850089370738715
0.007818851763149724
0.006362092923372984
0.00718243490322493
0.0063665680133271965
0.007468520289403386
0.010045760374632664
0.010268625374301336
0.006264714575954713
0.008288467524107546
0.010424762341426686
0.013276086477562786
0.006893186551751569
0.020339651521644554
0.007612317786552012
0.006007668132660911
0.0061757634492823855
0.0061078813613858075
0.005732734413468279
0.0054871524061309174
0.030018142289482058
0.01428083584178239
0.009625315679004416
0.010729622130747884
0.007256097662029788
0.01919700817321427
0.02095932370633818
0.011792718813521787
0.008124997150152921
0.00740503152133897
0.006601899239467457
0.005587150674546138
0.009121522259665654
0.006359073207713664
0.010403203535242938
0.028596817946527152
0.010932975828181953
0.02644296260084957
0.0090687008399982
0.007710208763601258
0.00831758456188254
0.0061418255453463645
0.006832002216833643
0.009126250097178854
0.006326009529875592
0.00534396021917928
0.00483562643174082
0.004882551296032034
0.005858190260478295
0.006120966578600928
0.006081440281704999
0.023528088845778256
0.007441725414246321
0.005749828222906217
0.00542546008771751
0.007919453759095632
0.012230007232865318
0.004923846388119273
0.0048569734842749315
0.005380078477901407
0.010219710887758993
0.005031932046404108
0.0058781714062206445
0.0047695501195266846
0.0050936620405991565
0.009974886034615337
0.01046456787851639
0.03638632475107442
0.018714406662620604
0.011608615259174258
0.007965546974446625
0.006668664216995239
0.005620966795831918
0.006197907457826659
0.011744182809488848
0.005232963691232726
0.00449853153724689
0.004951473588007503
0.004288064069696702
0.011939776003709995
0.005616248924052342
0.006467268179403618
0.005018497002311051
0.004880377351655625
0.004719763055327349
0.015603788153093774
0.008178621053230018
0.005694177630357444
0.004693620875477791
0.005171056237886659
0.004074695134768262
0.007984153911820613
0.023575786755536683
0.04644848116673529
0.022660827641375364
0.014853324664290995
0.010650016764411702
0.007776857007993385
0.009057507120305673
0.005749921672977507
0.008434969953959807
0.005625637960620224
0.005504900047671981
0.005265547611634247
0.006376369203790091
0.004654065266950056
0.004795272910851054
0.005596859434444923
0.0059868447645567355
0.009742496731341817
0.01539088826510124
0.005164348919061012
0.0046438913216115905
0.004221754744648933
0.005436943444656208
0.003992890467343386
0.007871677737566642
0.005978090664721094
0.004334107638569549
0.006347339496132917
0.005566229477990419
0.00541636402864242
0.007157298880047165
0.017686983949970453
0.015538091794587672
0.006823120063636452
0.008195570410462096
0.015365448277443648
0.005902270942460746
0.006989445260842331
0.006201633137534373
0.010442726658657192
0.015134600950405001
0.007133247927413322
0.005598864521016367
0.004570094106020406
0.004275630363845266
0.004238705050956923
0.008537172169890255
0.005437376493355259
0.021639981318148784
0.04963358108885586
0.0315117777697742
0.023446730049327017
0.01749075247440487
0.013927564546465874
0.011283551836386322
0.009348150119185447
0.009458713164785876
0.09141036849934608
0.050187321454286574
0.03390716418623924
0.024517770414240657
0.01917848058976233
0.01582876717671752
0.013996885577216744
0.011407913267612457
0.01564525738125667
0.009263153087813407
0.007914550714194774
0.01738606936414726
0.012677533037494868
0.007679176734527573
0.006179901208961383
0.006363285811967216
0.03417542696930468
0.017867735126055776
0.011853050759527832
0.009431875518057495
0.009497498248238116
0.007437755165155977
0.00805019321735017
0.006174860562314279
0.007141804784187116
0.018229767202865333
0.011716824056347832
0.006641751801944338
0.004704307545325719
0.005685748599935323
0.005039042424759828
0.004243482265155763
