0.0012602007409087935
0.0015318656140250921
0.0017975892238806606
0.0021678337574042882
0.0026640472249316706
0.003217789117165061
0.0038930141017772257
0.004839339995177815
0.005980295870088141
0.007433514760467349
0.008898915792186116
0.010516367077110084
0.012671243994043686
0.015325746064804293
0.018145686657344166
0.021497106834037882
0.02641533486343719
0.030728313650281447
0.02905656977531475
0.02822305788160176
0.0272118552034167
0.02617436570643976
0.02612883649841958
0.02486601026376357
0.025966027902590262
0.024768265486518677
0.023463222626093273
0.023208476911374443
0.022458738030714763
0.023514131958772604
0.022430623013123468
0.0221194200708556
0.022506703459028457
0.021250876396693087
0.02105879917036037
0.021071285305142
0.021130616600449022
0.02089810563956161
0.02042520122376044
0.020241063818134165
0.022084988408243737
0.02001284244722007
0.019445294231126033
0.0202019713391122
0.019429878699844954
0.018130435979597875
0.018939757153291156
0.01834910477486414
0.018685662225392217
0.01815380706967836
0.018628625520127447
0.01860794413683785
0.017891184099622676
0.017762504002029025
0.01833654774629788
0.01763559860252851
0.01801297436720012
0.0172963147869686
0.016160135899947303
0.016527009722021584
0.01617446542415466
0.017486572095721558
0.015902613695534702
0.015639869895814038
0.01597061672096921
0.01774789290376813
0.01516250051822312
0.01529527162327557
0.01595649664051126
0.01550090590152084
0.015525017260901025
0.014994793486580052
0.015512779845881302
0.01638562957491927
0.014655310289330176
0.013774771290529217
0.016937779306710976
0.018185935612465884
0.014079831679024407
0.013678605759491187
0.014811845490004163
0.014783621438451716
0.013467181470824053
0.01514070457464235
0.015393456733609373
0.014860696458207394
0.013801284892660743
0.013721100177389343
0.01408711465616786
0.012138969343583527
0.013731656353794844
0.013193445538195807
0.013946255090067515
0.012269610504468752
0.013379229918575368
0.013088314164731954
0.013761200690390291
0.012561033070842558
0.013931814253934333
0.012461168310806356
0.011775215373475206
0.014248826012418076
0.012001773934005885
0.013016468939698628
0.01202340578232464
0.012247303507064242
0.013170082556285165
0.012294422048521606
0.012572442411092689
0.012157816559428701
0.012363929996845891
0.012177757739492163
0.012138053441319513
0.011438670794706087
0.011816513787552312
0.011036990880588623
0.01191008705771654
0.012061199815188712
0.011894611991010606
0.012213313083692983
0.011317148955689894
0.011893320709114542
0.01221313833170948
0.011081069748773164
0.012327898237099117
0.0130695994232303
0.011695137131027877
0.010667257794380389
0.011451512373782493
0.012877537743062587
0.01106094927967501
0.01099114494108771
0.01115719325890815
0.012033889384789241
0.011629941593226348
0.011301350795563209
0.012947770798377492
0.010798034984995989
0.010310049039764783
0.009913125846258088
0.01066558579662563
0.009941895253251534
0.00978612548646492
0.009793952849970476
0.01040291424834396
0.011410444965460212
0.013062423601671046
0.011790626896293583
0.015545875136111234
0.013077855037802176
0.010826719094168496
0.01002040908457963
0.009984862948201495
0.009640405160639234
0.009788703439266395
0.009395346825791372
0.009899326697671535
0.009398945725233471
0.010492914541926537
0.010515014883256643
0.008654107728255662
0.009309056370733055
0.010181124896327083
0.010146941969208923
0.009613137676481259
0.010341667066756132
0.009478594720791522
0.009290801562570236
0.01645974993919702
0.010265212491897211
0.00946987044173167
0.010597510886303074
0.009814300130725512
0.009138401987886912
0.009324890356888441
0.008937949080309654
0.009550409520523169
0.010289683022435653
0.009256135515012854
0.008743387050737903
0.00899917127350597
0.00860915459044328
0.009074158441099161
0.009886447510153457
0.009124874628174144
0.00841298996238038
0.008945431116641173
0.008548483570307694
0.009073579454215596
0.008739671057933388
0.00874244183383731
0.010134855244384223
0.010958695261915391
0.008772799823861066
0.007806127478771315
0.008664987073594553
0.008336475106409273
0.010066626433006211
0.01606588587920005
0.010180480342446448
0.009802126780315931
0.008162139343865518
0.008156042915731165
0.008198191004339606
0.007568975813007234
0.008802029768294478
0.008676072187734314
0.008344391532355567
0.008424274864090557
0.007967367365553573
0.008321081171743572
0.007731718885888522
0.008755160432711646
0.00770554127568077
0.007821271724596218
0.010089502750103035
0.0073972274391987435
0.009326491187125243
0.008631254211256935
0.009055558211371504
0.014045339622031394
0.009318090157230964
0.009068359993712825
0.0074218233254410935
0.007554290647857596
0.008202364934117507
0.008561920385644142
0.007887913801430448
0.007909565061217526
0.007945564422894874
0.007547261166650601
0.008489839222936614
0.008449688006343471
0.010636114082739663
0.00772375229123124
0.008159732383147284
0.008580713860086492
0.007368227674600643
0.007054382091941866
0.0077502039462529326
0.008267585888215518
0.00819919680597613
0.007885221291232753
0.008482695941032993
0.007601661219047634
0.00723840415515509
0.008399905224733457
0.008518110864757988
0.007841454888064717
0.006920418662736444
0.007458034699870828
0.006895738870937478
0.006574864214525331
0.00785240821062109
0.007585401201582942
0.007193469137230233
0.006911235257379107
0.007047250169971203
0.007394801578295694
0.009549296794559908
0.007142512920639805
0.00679455600156625
0.007321489205571344
0.00862744134674604
0.00838673733508315
0.007470002341260378
0.007153126601494748
0.011768809379695135
0.0077939258268530905
0.007332713088347904
0.007481777401817207
0.0073262785822530655
0.006402847794438335
0.0069934006267529285
0.007336523747260406
0.007629057545076452
0.007559800896529309
0.006716134317684919
0.010075746956784782
0.0067774190164699745
0.008098045272777814
0.00930413042629339
0.007484639625102785
0.006635237576414806
0.007091012594566957
0.006535981599291837
0.0062745107853835495
0.006678011466597987
0.006664690681154261
0.005773468550319808
0.006339740162287411
0.006423708896240774
0.007140206615125912
0.010186666271938765
0.007608206881323477
0.006570563779048924
0.006621797992281515
0.006230051283145676
0.007313674048369599
0.006078747563643029
0.006494795535439374
0.006870819033891265
0.006015511888796715
0.005884150684987371
0.006869966310537043
0.008433893366993682
0.006019264223632982
0.0070815474908748595
0.007750544243970433
0.0064827090701893774
0.006262106545634467
0.00787944852601032
0.006096324766986072
0.007417307306093642
0.005855510646880076
0.006075161130079445
0.005762482596863364
0.014222931827896752
0.013250012103329739
0.007115978009784846
0.006127701886627521
0.00640668797092764
0.005939655938827609
0.005767850592304525
0.00838916766853701
0.007393803184763906
0.006408158508821617
0.006862371699016138
0.007083748907756967
0.0063206562819588625
0.00722941621584264
0.0062801525581980475
0.0063974439179071705
0.005602405068300967
0.005789151665364468
0.00589786862444787
0.006293154224073766
0.0053531718896576075
0.005350255946993727
0.0054465588370992525
0.006084294431226177
0.005738886147171158
0.006809328948588086
0.0064914095061327755
0.005222627841175307
0.00531728396576049
0.006144552620606044
0.007827928755432367
0.007639935811213847
0.007498601119575166
0.006709472430442032
0.006425503141095711
0.005596486077568418
0.00576873858163536
0.007224406062222614
0.005348271358368063
0.005431301251519471
0.005579803665986637
0.0056915282731171
0.006819412497665129
0.005856871213197608
0.007080990939111625
0.005488540775872566
0.005314121073162234
0.0063423209955815124
0.0061519600866312115
0.005051224906236638
0.005835439998820122
0.005646804193462673
0.006076009841824605
0.005436166512899453
0.005805684868686808
0.006168986088596284
0.004910766424743358
0.0056145377520069074
0.006644849511291328
0.005851947446039098
0.004705674416146468
0.006173518664090315
0.005218442107827679
0.005342660209075925
0.00556816250979397
0.0056077396525447635
0.004955684851125084
0.008967907060994892
0.005975392124791806
0.005370765449353368
0.00502036016975605
0.00945329081543998
0.005504428670974448
0.006613183930214192
0.005306204543386058
0.0069193292513011475
0.0070218350392187365
0.005443454329931253
0.005644558696076274
0.00500424882252323
0.005087221622611773
0.004542267130140366
0.00457855939434061
0.005208652444511048
0.005037539806909155
0.005852243826863029
0.00466538843151333
0.005507603940566549
0.005190712157511027
0.006019381010225294
0.005429938218455661
0.006288472605504196
0.010739795986336429
0.005822913878521806
0.004945607928282305
0.004914445292072471
0.004530301128004401
0.00484021076605328
0.004495018912240158
0.005256372829584556
0.0051496013129016735
0.006121447806189944
0.00541253260343109
0.005047804401476389
0.004763959823616755
0.004542901990872279
0.004598050645703601
0.005280363371098615
0.0064440045216296975
0.00534058379235904
0.00643862337283035
0.015679281555758033
0.007088820446861556
0.006128616471353264
0.004899324968809614
0.004747847757440664
0.0050182933116809944
0.005221710944661518
0.004575133029484769
0.004882116150740232
0.004562128033186938
0.004926500421936145
0.00441082617632944
0.00423404122576923
0.004511804655005501
0.005395480514994847
0.008554023553655055
0.01839917528480795
0.011063497409702756
0.00766184413962922
0.006149360321688693
0.006072130032210938
0.006636595375508674
0.005531128999349233
0.005944198338830894
0.005011206752356343
0.005209351342322456
0.004441405026670042
0.005012426734587329
0.004739487280981061
0.005010697137992326
0.004689086016229782
0.004379327495494303
0.004081587312661263
0.004476666905149515
0.004167144727182096
0.00504427679855301
0.005353490181732923
0.004731659542272068
0.004254526568803232
0.004457356542745303
0.005562237907528273
0.004515410079998341
0.004760020522627275
0.0051962836154711405
0.004337585455662495
0.004108468986217033
0.0045506592062805355
0.0051721731590962895
0.006233949884394738
0.005893006346603805
0.004701402759638842
0.005392334257202172
0.004247488994371599
0.004529830466364385
0.005541655714812412
0.005085223116849021
0.00437345724659846
0.00423163191236027
0.01221888470998336
0.007842257159535546
0.005978499372439408
0.004609924382404299
0.004538191561083737
0.004998880609196636
0.004238656912363965
0.004620348902519893
0.004666098547671494
0.005718364968669374
0.004962804536901515
0.005227276816259365
0.0051281933461920035
0.005662629682872747
