0.001260206199908388
0.0015408473089927291
0.0018103973789776147
0.0021841567087559836
0.0026818847581051995
0.0032359009618065445
0.003912488550004373
0.004849488209819773
0.005979939285237846
0.007426963930295126
0.008865995003804061
0.010483031389240578
0.012639083034308577
0.015294374567708251
0.018151894837894755
0.0214318542495823
0.026305574102553766
0.030779217678197735
0.028923310333158116
0.027942123690720747
0.027403314730051805
0.026457466348703648
0.026099909908717144
0.024995047702907107
0.025699528959906986
0.02464214597853857
0.023578223187124003
0.02334732102934976
0.022377293047218305
0.023385386278450087
0.0223946734268621
0.022321843523280444
0.022624340380315442
0.021286122041527886
0.021052414029081527
0.021084624613207335
0.020792546147178556
0.02125211452083612
0.020199293730075698
0.019658556617041294
0.021826134887649805
0.019631201473719162
0.01931008742807584
0.02135145722737385
0.019697558616187324
0.018992559248078113
0.019533026718056283
0.01807681510753527
0.018644278718007577
0.018168748803185048
0.0183495075687313
0.01828995773040161
0.01786572058886491
0.017785953332644863
0.018153234885225224
0.017798305998833197
0.017731880042324396
0.01706789669618514
0.01629723295116344
0.01632549343127254
0.01615316274802427
0.01744951182233824
0.016172111185418593
0.01611753024563596
0.016346117402930314
0.01889611758304307
0.01565777664261593
0.015461224581215632
0.015983000133387947
0.015323106894848516
0.015378061043274766
0.015187009492561826
0.01657020525591498
0.017252884647884482
0.014779618230170093
0.013956347669197901
0.01686900741785664
0.018001449432828137
0.014344642747420113
0.013581956522790966
0.015047176832308036
0.014703585697035934
0.01360498449916171
0.014880908571334707
0.015351401553866832
0.015216459057646224
0.01384982345877467
0.013402492135159066
0.013833861618705496
0.012269059394335223
0.013607780121870944
0.01384401397867682
0.01349986858376478
0.012420049742669673
0.014021588152752736
0.013287054862499842
0.013616412047397447
0.012649660093105725
0.013648208837981362
0.012515236516608982
0.01187355863559689
0.017155469067998835
0.012888625619706471
0.012711034370334568
0.012929030615408477
0.01300896770899763
0.014412134955007885
0.012194670349787417
0.013055083930265863
0.012477810560675288
0.012198181240819395
0.012747163947268918
0.012603491075915864
0.011746140860801411
0.0116399569386566
0.011070503327819342
0.01232638189292236
0.012806073951258047
0.011912170847928201
0.011864707506312107
0.011412759830646619
0.01153071503142348
0.011156491504201817
0.011108620092272758
0.013774286272834885
0.013179652694914792
0.011236329103593488
0.011111283423127356
0.011188762539343254
0.01129726110957563
0.010617044081005294
0.011228377905649107
0.01162078684963588
0.011577393286987333
0.011758143223847288
0.010466396588379064
0.011257591569242446
0.011131471781236297
0.011160572921555187
0.010907932099684872
0.0106366682715865
0.010023464071186813
0.009828150262930305
0.010107110232442013
0.011359607004812238
0.011623021938863236
0.013153380321061893
0.011398897500003915
0.010665648380873373
0.010604779707972665
0.010391953822879775
0.010140952971965276
0.00996517325826996
0.009899149069914947
0.009907053857475418
0.00961588805453298
0.010123116716213926
0.009837334896941241
0.011096959181658522
0.010210520889912103
0.008648614688600237
0.009753612606358287
0.010502300797835798
0.014683572257667579
0.0102968979626894
0.011552385705825244
0.009813990933203919
0.00935176488742031
0.010802180405605483
0.009516390147493095
0.008904773531154403
0.010056127800379653
0.009719248832757207
0.009056461845977685
0.009141108965048113
0.009312630481577504
0.009655062930431921
0.017028472109420878
0.011020374748654463
0.010953165935289517
0.00986310450762913
0.009226117006226166
0.008978138120870132
0.008879913599230349
0.00878614594851545
0.008617863175459206
0.008766078204545821
0.009031264945185063
0.009042961965000408
0.008649018566388436
0.008752097204214314
0.01181895354435452
0.008593931249846276
0.009860867774428649
0.008119849153051808
0.010565608629730303
0.009379704810074857
0.00977457154579964
0.008361192037842262
0.008415347371074194
0.008814469392008677
0.007996976356701675
0.008955677091836225
0.00845861917588155
0.008393639420171746
0.007950672612374497
0.008584177291423484
0.008223159842797229
0.008747661000155416
0.008567324405334689
0.008886154618340771
0.008156987481335228
0.008393337626035351
0.0076631152926868685
0.008028203330468386
0.011958492098602693
0.007818806357996387
0.008088552800472826
0.011622737872892537
0.010903292278935378
0.009886593872530235
0.00833183603921301
0.008870709479811627
0.00733768823556602
0.0076337866516582465
0.007845143466634123
0.009439928043394576
0.00804775214684825
0.007915445796931413
0.008481721870437567
0.008084677173944845
0.00870473073115824
0.008530157341344937
0.008998211237249544
0.007517993262956372
0.007849619410793623
0.008251586991890863
0.007323173865852122
0.007157893841960342
0.007883797970764037
0.00835316881185045
0.007829047766249828
0.00737747411413521
0.011400627998031071
0.008733244549885794
0.007382897153572255
0.009360077935648529
0.007729118798444098
0.007509924815904752
0.006991659678090867
0.007578818176281513
0.007091054522960975
0.007014269747053953
0.007643263670615852
0.006654409718435459
0.00682807998492609
0.006973121197252358
0.0066967389068088015
0.0073418514331097945
0.010586223985081085
0.007474336579655977
0.006831752620889126
0.007438020624937741
0.009165623499005026
0.008624596604636896
0.00768268881428584
0.00649278552422451
0.006646558315165945
0.008046567628814562
0.007823672022897046
0.0066638173758857755
0.007330102197876251
0.006747247336583363
0.007125077404182505
0.008084660878946149
0.009133009383190624
0.008290364749956172
0.006475175903933878
0.006189942624218561
0.006327640594020989
0.0076859522865757954
0.00915205861894867
0.008235659189144703
0.00714835968667742
0.009580794929501575
0.0074588585537984165
0.006510862679459859
0.006994289684273
0.006566679931082134
0.005955435143708176
0.006820122734958155
0.006796419820307779
0.006754901835921447
0.006760156859731856
0.005888161054384467
0.008178771388515629
0.006825851407090857
0.0069635014106343325
0.006728637949374781
0.006700780145144342
0.007559027160970947
0.006747406584877722
0.006846380857373211
0.00606620597426553
0.0067685415726029185
0.008130310848984565
0.0059620936533335495
0.006183811804795688
0.007009020142848729
0.006696788419503719
0.006163920815467734
0.007691628422361572
0.00661806102426773
0.007011962994756932
0.005794762825668865
0.006344690569676459
0.005914645323001251
0.010659953289841479
0.009327453989032152
0.006518150385582467
0.006008303793449257
0.0074486919722796694
0.007059643531180415
0.006671337030098043
0.0061216495515829
0.006404872908181435
0.006410836171346238
0.0063052969257901045
0.007465844390271987
0.006618487565287364
0.006680095044430345
0.00719005663916972
0.0068049682587435515
0.0054558400313269246
0.005699887579130764
0.006222585972864181
0.006787572037176909
0.0066354678443482
0.0057054940198950875
0.005331705371547188
0.0054589443119570005
0.005550735486935623
0.0063185931161373245
0.005710366397554911
0.005086618414261957
0.005494676325847772
0.006495019766294422
0.006197755607285512
0.006191419140196632
0.00641559438647803
0.006165408656768803
0.00645770612518882
0.005725084336764003
0.005957358480569579
0.008565056872415683
0.005432704397527552
0.005258781286396993
0.005327732023795614
0.005729573726893176
0.0060594012831790825
0.0067509200905349
0.005541748477372568
0.005134304190948102
0.006108624149566969
0.012365108576124988
0.0098055313039269
0.006264213286969508
0.00679557428638627
0.0060943588362755005
0.005914708029957035
0.0047577711316203145
0.005152433953323477
0.006386729561396547
0.005274533471910635
0.005673132171363545
0.0051968926296418385
0.005660577689775744
0.004602324837390837
0.005832407403284231
0.00486359210304186
0.004977478880145763
0.004857667046913726
0.00542564271489863
0.004789199974274615
0.006715602543507074
0.005893038002132262
0.0056351122550188084
0.004709470902280127
0.006753352033351925
0.0056978582948874175
0.005973371710137439
0.00612642674870487
0.004889591687478477
0.004666748004367676
0.004522363587622405
0.005589965826869514
0.005936281042916046
0.005072690184681198
0.004889940141347816
0.0049063931117023065
0.005207877505469967
0.005423388333764632
0.005929041723091458
0.004898462118895573
0.011128898928684459
0.007000241200502559
0.005789088879749682
0.005175135206947154
0.00545762709776141
0.005053728099950161
0.005502900263653262
0.005525339383795555
0.005162974048682765
0.004690906926486138
0.0049178093448407146
0.005034256739088813
0.005293294752796961
0.004751159979433224
0.0060373223575486525
0.005462506681372336
0.00485022970855966
0.004704006452811882
0.0044309136479765785
0.004434372016820251
0.0051489542749697794
0.0073014021335119335
0.005172082630451769
0.005526165710762143
0.008104361617320997
0.005299416509916301
0.005089007874925596
0.004505528480041068
0.00564022023683867
0.004863044215567611
0.004902294014165229
0.005062801085374746
0.004960950643352761
0.009044092406543929
0.007117543429312472
0.00483555651216365
0.005065448037065515
0.0043898115353029525
0.0046402546703009995
0.004749972340996956
0.004171051875518232
0.009899791839809434
0.006710394032337275
0.006642825640360448
0.006347754942662259
0.005208284956736591
0.004819178262354202
0.00483660664837304
0.004482393191554709
0.007016761964690444
0.004426409850664739
0.004778001524312925
0.004465492907124949
0.004598451047550535
0.00475272407434327
0.004607698831367432
0.0042199181067140625
0.004642368449256881
0.004141520145600913
0.004674116346978809
0.0050270559606016485
0.00421539690137866
0.008982339595457085
0.005947473029467605
0.004829065631949217
0.004366951706705967
0.006329563495111526
0.004254712442382918
0.004427260248858885
0.00419353844748961
0.00457943307166617
0.004837729838343237
0.005142124049598351
0.005194305794665942
0.005945378427576223
0.0062894767395698945
0.005253983765362283
0.00474381512282668
0.0039814259381838945
0.004353821703950195
0.004009519584124556
0.0038579105937576576
0.004575069907209459
0.004910515929647797
0.01605151062736892
0.00958578907758803
0.008697215426788741
0.006392291221591468
0.00559481727651547
0.005304756726144586
0.004480287003979036
0.004902527890973599
0.005887159602590711
0.008776219614397583
0.00565954832662199
0.005263222097513593
