0.17094127431720774
0.023646613857143114
0.0159478381049828
0.014389524336416866
0.013723776318898824
0.013435001254395068
0.013279435986426667
0.013197493334692494
0.01315014801101289
0.01311612572242445
0.013107699816437246
0.01313188701223965
0.013118323565364997
0.013153895792316333
0.013174873924701014
0.013259204835674472
0.013265774180573002
0.013326989421533925
0.013381660463305835
0.013398730983766162
0.013415901804186194
0.013472598363758526
0.01351400973083817
0.013495050470788623
0.013516650178304342
0.013454469490935591
0.013391475458672948
0.01345894095775123
0.01340892860039233
0.013398998282049025
0.01330059916477337
0.013372415842088026
0.013619837851620445
0.013514424648101086
0.013713820654655172
0.01330953880395984
0.0134040780722329
0.013495305135289085
0.01480708460575927
0.013832593158270432
0.013087442349294357
0.01336575244231341
0.013538782841691348
0.014069304949490824
0.013388768969991497
0.013820559482708156
0.014274047235044364
0.014953332835651725
0.014618266513135946
0.014320570866742703
0.014354290070760752
0.014121673761858283
0.014345266307904342
0.01363338995289719
0.013925441540777683
0.01383271628868914
0.013691318156110627
0.015037987637986368
0.013948500452336863
0.013488079590949222
0.013779064166037558
0.013882089036334063
0.014123486868480098
0.013503488288130437
0.01343181771966063
0.013596190635776408
0.013501153814945823
0.013889191371919674
0.013314719668754908
0.013359811313659231
0.013006076939125484
0.014234284034747387
0.013503076547809014
0.013548344421574723
0.013534460112313244
0.013413131946401896
0.013335727977731797
0.014340620753398843
0.014745014863280214
0.012982356053054612
0.01408161246435386
0.013383057751805982
0.01313629940535142
0.012845164613154169
0.013068618248521445
0.012850963545388708
0.01279810671999215
0.012938968428175584
0.013161441276424398
0.012818946620606095
0.013106259482555857
0.013459995402040605
0.013367181556804157
0.0129571491112567
0.012678361480411526
0.013410293131579305
0.012966802104367552
0.012916513435786293
0.012875070895512248
0.012892377697732126
0.012759930136500397
0.012625987284651426
0.013360346637004725
0.01289691950986597
0.01240330041934536
0.012805286816660768
0.012887197194150954
0.012998077509245861
0.013073248984553268
0.013383503394009911
0.013683456383541088
0.012728390144619428
0.012681992859449064
0.013080549509064338
0.015525495024206483
0.012662426916725724
0.012575045140964962
0.012756252204390051
0.012454553981633665
0.012442418126058634
0.012971224968330326
0.013062371197809404
0.01291456897786566
0.012523699321166098
0.012648025166382578
0.013308617051377475
0.01239036082803646
0.012596866081111898
0.012562245487400862
0.01259293566484039
0.012611269398165918
0.013789587062304822
0.012641858736000886
0.012495679928808012
0.013915442661425777
0.012284356913590264
0.012734831419608024
0.01232236487982429
0.012732983658212089
0.0126471693505681
0.012731544529827677
0.012415205150250798
0.012410768307745457
0.012327073873064228
0.013300678866837069
0.01305608001372246
0.0122583840503662
0.012446015141904354
0.015395556694053323
0.0125770701756962
0.012320416522534372
0.01224356660810865
0.012561566601115688
0.01226313624130649
0.013379315166760272
0.012391423645525057
0.012303869300913588
0.012815627121479711
0.018060577833137224
0.014617630820199151
0.013351413786898707
0.012653094829521446
0.012227925724376029
0.012445089677087615
0.012292698852578613
0.012595078642436556
0.013132104402077254
0.012503310450500696
0.012220864375687647
0.012146796334848225
0.0121181547493787
0.012144308824475123
0.012014570106343131
0.012390130264771598
0.012268692794664998
0.012589709902895945
0.015373737494696244
0.016163686625485386
0.013541742745856537
0.012538592687973353
0.012968428911658648
0.012168878058371978
0.012086097172800904
0.012276385501723424
0.01274143997579813
0.013224690752190965
0.012778119654090049
0.012209568185749177
0.01208274019882083
0.012400819271559192
0.012019302769973178
0.012470729013678626
0.011984832985239608
0.012126707824417085
0.012330700438817807
0.012307590670082892
0.012086969034345908
0.012269851581898526
0.012113296217937893
0.012456775851826245
0.012224162454394815
0.012417809824485367
0.01245615207894801
0.012996619575978996
0.013050394837753238
0.012470708511526062
0.012491155981530095
0.012076954631500434
0.012424215896351037
0.012284795405499847
0.01262127721647375
0.012492133178269473
0.012196943303134955
0.012262686334167407
0.012390817659167207
0.023950223323549624
0.014026041577839963
0.012586922363038653
0.014405282536330067
0.01234059291674155
0.01240081052409015
0.012084303580433409
0.012159375787199101
0.01966221558765691
0.014222741109606262
0.013007875923589568
0.012513918993629027
0.01208341146044642
0.012545434875570447
0.012987965526424837
0.012680705719427249
0.013390397222138176
0.01206415327196227
0.011997504756028685
0.01241641522550555
0.012098935659034787
0.012236805658822304
0.012221339767990268
0.012325216672235281
0.012435617843625422
0.012164536258640968
0.012002261503486433
0.011968022020899248
0.011963963830652081
0.011947165060544683
0.011975192438776249
0.01203562432430058
0.011950273210374273
0.012727980388798446
0.012162622717148233
0.012417378539445802
0.011961043442416693
0.012674579209709
0.011960210596324405
0.012067292877864615
0.012436825124912452
0.01201836368347579
0.012315208631976743
0.012810793104712094
0.01208158439704191
0.012060569847333375
0.012369437582756037
0.012060727445391294
0.011974656393002962
0.012374229502872886
0.012098710413882944
0.011850618509244975
0.01192100413108819
0.012185691764456368
0.011995596406441704
0.02920582664643075
0.01755848771535626
0.014861567724913916
0.014017407834599508
0.012654201484450671
0.012479200889574034
0.012222730371857359
0.012215029644109657
0.01223763611568051
0.012193750050441127
0.01195991484918327
0.012041383553470406
0.011921396274467774
0.011939584677951915
0.011991559462534768
0.011842026118467623
0.011912148358805157
0.012115836208773273
0.012352531197019548
0.01195143517019732
0.011988741467558892
0.01203101839452425
0.012056865146226971
0.011914414836737875
0.012231587197318256
0.012048647421299019
0.01223821410578545
0.012072582267851474
0.012091894734163429
0.012461732602982877
0.011873513072833557
0.01251265624207314
0.01217689221533381
0.011963429386405466
0.012126917067358148
0.011897188885503006
0.012168956628922268
0.012158571681547388
0.011924244084821962
0.011904780948795726
0.011892282216870617
0.012226954450674146
0.012164367088682461
0.012107423315190267
0.011932823480603016
0.011788032740076011
0.012830835993393002
0.012084438004226329
0.011874568605116594
0.01186003230042129
0.012457712475105982
0.01211857721731763
0.011884787019829606
0.01185464699726517
0.011948567318999879
0.012691335008418727
0.012307088369521026
0.012478705130030061
0.011966393081140574
0.011892591616156224
0.012185246587913727
0.011966023245983035
0.012178591939960128
0.011965329706599222
0.01225629979831593
0.011772259878360223
0.01179322562937703
0.011891183064745688
0.011976244637446704
0.012530427134517476
0.01209092015731279
0.011964385145317728
0.012138836390434582
0.01188279525594455
0.01231848608232408
0.012003562256484945
0.011996726714353138
0.012595667577757735
0.012293969764086966
0.01187739083021183
0.015277010114497948
0.012281734896736724
0.0118121805940276
0.012144712052334136
0.012032544727776652
0.01171729489986863
0.012103293843950345
0.011718160220395738
0.011766219672651212
0.012019806902716371
0.011778266473769028
0.012115995773923732
0.012148108620579554
0.01195268542288202
0.013371497810443986
0.011841902256917173
0.011773250104911695
0.011876799919094159
0.012353418899752269
0.011850051238053591
0.011751262379688359
0.011885424166325933
0.011845048277630148
0.01242391040078669
0.011908791837430446
0.011771387868848081
0.011739302148050237
0.011844283261414722
0.01188450892429764
0.011880003011602665
0.011770916728424691
0.014164093146361759
0.01643227273163116
0.012186903397718045
0.011907283808583411
0.011856941101532951
0.012244714820043785
0.011722882574197844
0.011768116863775198
0.011879730760772651
0.012103042086568948
0.01231020473587875
0.012266078672293469
0.012946777881305908
0.014252296440024799
0.01236950707508721
0.011762737187722298
0.011712462915473175
0.011830006752197987
0.011722140893270479
0.01167210116634302
0.011715047701183602
0.01192117301381637
0.011850846235022366
0.011659147718346844
0.011957969855969754
0.013328192790395746
0.013958859213880289
0.012194569744866029
0.01283652758852483
0.011861224632675403
0.011754325860850165
0.011982982838961565
0.01937455913730871
0.016772348198726354
0.012662832851512967
0.012017003365000275
0.012138775963266598
0.012997952890451824
0.011782593568177702
0.011650633380234799
0.011792172438456355
0.011688586098150672
0.01209059319780948
0.012010529358810354
0.01166321071317402
0.012093055793127723
0.011653015329110845
0.0117490699114365
0.014049694390323397
0.011658499744137593
0.011689139299408019
0.011713688240047091
0.01163467404075733
0.011672413320428579
0.011801294281765401
0.012623851605316747
0.011904590106003475
0.011906349396106795
0.011588240390486806
0.011765955681869082
0.011711650837003906
0.01255802094727476
0.012152216688808158
0.012675977642778481
0.011798378406527721
0.011763039519401075
0.01165328075604461
0.011632779456466158
0.01183225482562992
0.011802149192369151
0.012300144058486846
0.01332670915436661
0.011881771305941534
0.012391650157101522
0.011837727712275826
0.01203815218183064
0.011820338553287716
0.01164302323013544
0.011788325710657322
0.01176896921976983
0.011668696868990627
0.012631471991260475
0.011888935030481525
0.011979170396018809
0.011952803944559576
0.015096493204620398
0.011899445815203346
0.011780356135323782
0.011616537530218886
0.011897331042754873
0.012220345389654982
0.0116286532187434
0.011673284546585283
0.011985900768331278
0.011932319604626325
0.011703514689840724
0.012164634095383025
0.012290155549890528
0.01179429322533379
0.01157931071732228
0.011821613046471204
0.011563740574937557
0.011746277741078183
0.011806921393688873
0.011706103318344766
0.01178795695043752
0.012207126371109876
0.011888252832343646
0.011643589256662075
0.015666473643836852
0.01200162367808206
0.011640240168460061
0.011593496100541867
0.011969691116327995
0.012065930640168279
0.011602594443187814
0.014865039573616791
0.012024413189354622
0.011801001654990087
