0.0003821235333224026
0.00032104358777612245
0.00022594595000637025
0.00020724096027427888
0.00021979918305357492
0.00024653081729840697
0.0002799416451966948
0.00032721512503172044
0.0003643854565797234
0.0004237173360594538
0.00047168794654009775
0.0005174513322201798
0.0005921503532876711
0.0006741657256879513
0.000703260107755082
0.0008186791369025264
0.0008746474523058908
0.001034979229533089
0.001064026922951993
0.0012181611731212432
0.001367228230799824
0.0015833141691616495
0.0017968151560977576
0.0019348776826900098
0.0022269165564558647
0.0025438000735816327
0.0027601700271776275
0.0030734293609299464
0.003590342989854152
0.0038601747131470437
0.00422625142072889
0.0051979606527284014
0.0059600768249816775
0.006011592498056116
0.007016257435250818
0.007597210666614721
0.010135234811444408
0.009301185675928096
0.010211687399883674
0.011261237561981776
0.012652701377338461
0.013226322463472908
0.014582000102512958
0.017420677014727718
0.017477559710570266
0.019679302600829788
0.025033879857719613
0.027693914371622858
0.02686607674433944
0.027492223265633154
0.026601157231388915
0.026661550263396363
0.02615530493107628
0.02680443866310941
0.026087206240729445
0.026180458732981807
0.029606680950840538
0.025867465119599628
0.03397355153668351
0.026110566915309386
0.025268247675443632
0.025947761146372622
0.025637823146548163
0.02531025432789705
0.026688028011847748
0.02495085085613116
0.024691376803714908
0.024322314421587
0.03293876433640384
0.027710592266074505
0.025400776475361
0.024207934423276546
0.02405431998147165
0.02487383877739924
0.024000806200286644
0.03137261293870344
0.04161473149468613
0.04580956934654757
0.02739284619382035
0.026125643747659882
0.025741491683022807
0.025244912038442126
0.025457353013731567
0.026319538877949064
0.02394023664951436
0.023390253064002883
0.023635285006563984
0.025141099296956695
0.024429781163592686
0.022649292701555326
0.022886694081071832
0.029644552883360716
0.02517122360930014
0.02597446016241772
0.026017610140647112
0.02176025753652447
0.02136053444210733
0.021601948827812065
0.045477910494006304
0.029142404163486502
0.023624303262359862
0.02463042125287239
0.02219651877349905
0.02368022459262654
0.020763000525701583
0.021813223323320852
0.021246493724262
0.01996276622170701
0.018624323322559786
0.020392644100505092
0.02129133991297153
0.01891736995972944
0.02029466350677978
0.01928739401787408
0.018782436052400073
0.017941723047487076
0.0163900972124231
0.01782322209677223
0.017247962017198293
0.06666404218500138
0.04138337559858511
0.0288954981871312
0.025617262875235705
0.024190232851839022
0.02256880568389254
0.02171148700911677
0.04840688434279478
0.031568112336657246
0.0255009498349513
0.026106121102243328
0.028934926153875693
0.023797280692289608
0.02127553229237652
0.020091411232083255
0.01915403428637468
0.01734120012104009
0.040338806281291814
0.02636940801020865
0.02114985477569956
0.021834718412283655
0.01703502834610613
0.0879235602426953
0.046737980132413266
0.029267423789711033
0.02513411303472876
0.023346086569855946
0.021741547028809673
0.02066380543152938
0.02149422306651145
0.017970474258986083
0.01781958036738612
0.01747935200772817
0.01618605756727553
0.015998529599916735
0.021577563597245164
0.017448597430680574
0.01493146630834216
0.014905621665651991
0.01624420631593198
0.01578080216911011
0.017821081893079068
0.0335779301874507
0.015833455484974363
0.013976431652303604
0.013398151520346657
0.013911159140535732
0.014747095862856965
0.023671052854661638
0.016441571053591897
0.013830151143815188
0.013724259850795796
0.015187209419738711
0.013786315713914928
0.02129560956218688
0.013930161211514072
0.021595414781991798
0.015185718164754829
0.013528516366101159
0.016237966482586852
0.015155258159456628
0.03150359751684556
0.013052395829226305
0.013225829809527384
0.018309945577218403
0.013473545042414232
0.014031141513281883
0.0147046739783152
0.01590995490550995
0.0115969940672946
0.019499701404183657
0.02875666863944256
0.018095765632580727
0.01669785872534308
0.019164267292574103
0.01267595308717717
0.015016389143921798
0.015304826065716561
0.03806767482153569
0.022675918439605487
0.012934916950971558
0.028007991386975132
0.011548737123301636
0.012519370029376966
0.0104906081827183
0.011197691669073723
0.013225604054493627
0.0102316392088581
0.009318590308068676
0.026004170766972312
0.019448076167286894
0.010963050521254429
0.009783178595791149
0.010370834076546886
0.011760080848865853
0.013064658784652862
0.013616149964278445
0.014113060767284493
0.011093424634017357
0.009244224284200018
0.017028326364861946
0.11288615739171844
0.17661910880817455
0.11897879127371178
0.08496171120233303
0.0631613852630617
0.05012883564757274
0.0423846257438932
0.037886890983871754
0.0461481623281812
0.04907297753913795
0.040346968814395784
0.03672720738145966
0.03431724812765693
0.032517180799014785
0.030773090404433927
0.029549513071468483
0.028342265562478746
0.026864338184842903
0.025627796531197955
0.024126420795136178
0.0230881173324105
0.02221013331081202
0.021198169736379988
0.020356432841707035
0.0197585809292195
0.017553475742971295
0.015587233690621701
0.014459936963289642
0.03257957766572021
0.017079035094014827
0.015648267570227272
0.01961677066444625
0.03642716251962473
0.01832783021981573
0.013423783620924092
0.0796083834454808
0.03163248769352945
0.026109144349725506
0.02276550918426853
0.020341346291511245
0.022185302070910566
0.020773017845266546
0.014298579299801521
0.01290102025375384
0.020660794350538362
0.013432670822401953
0.012603758028551433
0.014841766494294901
0.04381760912476463
0.0364689500479216
0.02388428950382306
0.01933829268363866
0.01650701757966914
0.013885059563115183
0.015460542577566502
0.013673373295712783
0.012320711178886477
0.012411459465075131
0.009584250211129698
0.010823107455344348
0.012146357998028677
0.022804549481887162
0.012424707582764578
0.008879309762548306
0.015715212090296693
0.011698516257532807
0.012369715345304892
0.008563955964115954
0.049943687655868825
0.021210884335293865
0.013998952886082706
0.050062222666131535
0.03200491721487224
0.022038788782355937
0.01519038590466541
0.013625242663652039
0.012528160446557158
0.009881007599326946
0.012116826678301846
0.010613396439408318
0.011037378548382876
0.009539322480245421
0.010258965866556495
0.008018940720316512
0.008260503610986727
0.00825155261652858
0.020394178263473322
0.01242290863903302
0.009830832450863407
0.009908167221531105
0.014980068367518735
0.009281659231099129
0.010413644536248363
0.01659923047612139
0.00852799388294
0.03680113770158382
0.05476861789627245
0.034270939762505254
0.029091792313682006
0.025339627198958665
0.021663413805126697
0.019314610221412745
0.030375595729491126
0.015447637047060531
0.01922575585816181
0.011234205469928598
0.010115337417694681
0.010048547120457899
0.011092835708524795
0.00942017201749322
0.010486566197399176
0.019662845612953554
0.00912184670762846
0.01450202119369269
0.013263628177156442
0.01755312314407014
0.009914478866125315
0.008174090136944801
0.009302857461863299
0.00781398186065982
0.007329733878346195
0.010890247665645645
0.008977078976570053
0.008262549492980489
0.010119469989394623
0.018116604300453032
0.009981311483601674
0.011871614547495203
0.03650832141327501
0.07893773677587955
0.04249726107504484
0.03248021294701189
0.029828495813415068
0.022361747637977093
0.017303918751675203
0.014990301879492593
0.01187994703214462
0.010507691842556167
0.01899401749717944
0.05766777152523454
0.02158835404883889
0.01240226762257656
0.010777851517838931
0.00962954074796638
0.009906103667081072
0.011693248316847931
0.014577923884985041
0.009011359346423591
0.01191200458266762
0.04702459353812332
0.08557182685768559
0.04173889402509405
0.0273725012673086
0.02055338736316573
0.014931444638523828
0.012560957926761512
0.012440008692938681
0.010753063462353713
0.009585794487842516
0.012888019918446684
0.00936400239732577
0.011683607317877006
0.008508521346689274
0.013494456434545669
0.008652393975598591
0.00773785022010657
0.03937693603758871
0.028941439129830746
0.014869805835257197
0.010554339561423057
0.015425748033937387
0.009700125228083424
0.01281942068058509
0.009800407943954125
0.012961002725982265
0.018656187134442594
0.007861444102216526
0.007743682283280271
0.009029312250256705
0.007832036379372444
0.010858221214146035
0.013515280938117803
0.008573354827065704
0.007707586064184789
0.011203618895014825
0.04762113215715698
0.01224306298765155
0.010683216193816467
0.007445017244293588
0.0074236266191155835
0.009968370353987907
0.01627522237356473
0.00964475021878962
0.023244036946703822
0.010955961951323217
0.015214868616277862
0.008354435932965537
0.009220663819999229
0.007437486621840728
0.023671573925282012
0.01448328760783938
0.008460460596086548
0.013097184030025194
0.007389305871021882
0.013597314575188252
0.011787331482562958
0.008388824575172548
0.006361639828679295
0.007012698456229928
0.006570916533930583
0.01075893789547241
0.009561834910061308
0.009681702994790332
0.0065594918455593705
0.008676374365125647
0.048750433311291905
0.019020013540829724
0.011804073133369845
0.008660674242526013
0.007568697179999021
0.009484818991803833
0.02649743467035672
0.013793055827935202
0.007812776691751198
0.007251892108487642
0.010671127333797598
0.007317070516998346
0.007855831344144538
0.008880243987657743
0.007523078044566016
0.007917551191223695
0.02192318719926845
0.009510970547139534
0.03541319168605301
0.01928878106414044
0.04090309332295806
0.018063578454686906
0.011891397199338852
0.021221555809556657
0.05955405561218548
0.024772152527887722
0.01864163859046242
0.014947913848700818
0.01161526557588287
0.009974515288789175
0.008181039645067984
0.007491682517457377
0.006573171037413208
0.012593735055213145
0.011875241255380687
0.006956473006849432
0.006289926090291684
0.008736498029082874
0.007580214098517954
0.007541343067905234
0.011628853163702853
0.013829933289326867
0.008830993858772968
0.03990855256979762
0.015553091649203266
0.01913628746992612
0.007597260608351772
0.008876945472877013
0.07059085828841626
0.03459900418080194
0.023133948691231147
0.019178497692228257
0.016610434660792685
0.01558105873069569
0.013306491181589244
0.011540231838201484
0.010827476265125173
0.009996460606814937
0.00852261200958814
0.035862520978043086
0.09078597168574172
0.045897802561242484
0.029020550950301274
0.020030590822424893
0.014900098286206356
