0.025561788523014224
0.02167384195163731
0.025439930261458944
0.023579427813400413
0.025973510524704493
0.023535214359623517
0.024691318665379974
0.025010584346943077
0.021368597418201515
0.02079800730863279
0.0186306077472788
0.01902276944826455
0.016881494804556665
0.01929027841523227
0.018795419363383456
0.018308355744072666
0.01904669061029759
0.019523953295823827
0.018224176214109714
0.017115024466081506
0.019061267652050923
0.01742039260108718
0.018001004664379098
0.018344731553530055
0.017377368770413317
0.01672365793455584
0.01658021997576902
0.01906589799190432
0.016415452580863684
0.018386122947301513
0.01617723779283265
0.01588339211642899
0.014912219707743346
0.015489168914230297
0.015993980327802047
0.016309113507263696
0.016479548220875873
0.015270456654274286
0.016564371215111107
0.015611931774394643
0.015618770944228403
0.013554284425059068
0.014487418058393296
0.011096676852888069
0.010648907558747901
0.01203569740700982
0.011402473389192865
0.011159134455472544
0.009669877677095953
0.009033096375038466
0.008862769748092967
0.008963484457133282
0.008534931590604467
0.007443396201268299
0.008739687446356587
0.007349268732928629
0.008468580530557001
0.007980657752055224
0.0072901776616486865
0.00887423609903349
0.006668046308401885
0.0075853516126757016
0.007063058547164167
0.006476429898979854
0.007237119824941225
0.007530400060681445
0.007893704854321233
0.006825615301624042
0.006854846259574266
0.0054114970895470455
0.0070657869624340215
0.007120326661163843
0.00714925481806586
0.007211979250181623
0.005641803802533881
0.006419724217157773
0.005350579931126028
0.009047525628957782
0.009865069018307575
0.006839569808628797
0.007171089797420689
0.006942270846794576
0.007102032960959351
0.005714633747650143
0.006730409987093811
0.005877103464793909
0.006976329936301039
0.006698768231060708
0.006743869027000772
0.007092474240969695
0.00718687838656315
0.006690167855135207
0.0054727924839647535
0.007621137369929879
0.006840591430333783
0.005758572577028832
0.005467908852548367
0.005976523171810778
0.0061183951501664795
0.008509934930198857
0.006799593841500514
0.006471874010485374
0.005541293973832178
0.005814765635644581
0.0054261245650229694
0.006192915208346894
0.006770216735995075
0.006593932917553928
0.006198097551559806
0.006347113427536454
0.00631943580881764
0.006100654203644413
0.005528899124560377
0.006727912249002163
0.0070567691271868705
0.005888313802363776
0.005436077701758022
0.006344547057271437
0.006077133582914527
0.006170689407414504
0.006092658221733858
0.006776399489452719
0.005559687780476635
0.005585407544080471
0.00506190073732871
0.0055876444124948925
0.007270379032183627
0.00620586531278625
0.005321488074034196
0.005635369482460215
0.006658659080825641
0.00624249108057327
0.00591848456052377
0.006398099266249453
0.0056527320753167335
0.00610005408037133
0.005471452341191749
0.005403079183656445
0.005547231934426835
0.005643684967420559
0.006276620472044499
0.005817254461260418
0.006096358926217281
0.00595938914932035
0.005221460527523067
0.004644954910474369
0.005799508037659068
0.005652194683115636
0.0061773556055808925
0.005590734633232104
0.00618024398433219
0.00674573077069428
0.005414103121629285
0.005238628321220882
0.006714310363707462
0.005147495893683033
0.006023740307529316
0.005881243626707432
0.006352461965938625
0.005341808976887199
0.0054124374965226285
0.00522018919735083
0.005624724848632795
0.004907907316643677
0.004930559127346947
0.006027815242771893
0.0060012196620399996
0.005529049991541507
0.005249106955029112
0.0051621159847977495
0.005320336787679323
0.005068277365108167
0.0060299773143965415
0.005609644989047918
0.005195288499059681
0.005748350077066946
0.005049537992824745
0.0053472596409029505
0.004626756461874812
0.005152622575711194
0.005648591315739157
0.005617616934927873
0.005537935010232083
0.005065759560252428
0.005783260805122048
0.005662029303957173
0.005740658975057418
0.005123644820540927
0.005752743014168476
0.005005031954316154
0.005435040629189156
0.005567674271922387
0.0054735803976327995
0.0061503608240933445
0.005427183317901717
0.005586468886546111
0.00455941827058677
0.007149347307259472
0.005746343485053545
0.005039090089772894
0.006108493582421412
0.006538167288856082
0.005384812987307505
0.006609947037292742
0.005724894137583692
0.005451333688377805
0.005420601026705303
0.005251255008908275
0.00464219187529891
0.0054470558277674
0.005936121095173769
0.005126975025496165
0.005456287005400871
0.0046956504153699025
0.005438213664221914
0.0046251272054379095
0.005397878746226978
0.004892264897265813
0.005017580129433997
0.005473902638023196
0.004883921826997342
0.006381566882938363
0.004823840087244143
0.0047968869648105554
0.005106333465468442
0.005300532569134283
0.004182968340055016
0.006326469885123665
0.005610429098997928
0.004505900057171793
0.005520478698735872
0.005163820196542198
