0.00027066510475064393
0.0002958450146660287
0.00031421993514762266
0.0003461193453268122
0.0003950497978443071
0.0004589280104601895
0.0005381138615580015
0.000618267611537355
0.0007086148919106818
0.0008141309668627681
0.0009183078007685525
0.0010273156602753797
0.0011268019655536617
0.0012359441661658897
0.0012987894397751194
0.0013880177333550614
0.0015164097013804958
0.001564095757475175
0.0017181852284087755
0.001809738511676578
0.0018940221574853793
0.0020047089767154897
0.0021267068331895797
0.002251767415213877
0.002344910863778232
0.0024496018103210724
0.002746025702010875
0.0029578387386940213
0.003232781191043138
0.0031042528234282944
0.0035449428098694048
0.003455795303082842
0.003850357995420764
0.004588906271339646
0.004287984217821716
0.004434852510534018
0.004862012866031483
0.00517734393442624
0.005825200770920682
0.006007937536026551
0.006753806118357265
0.0070725583545341395
0.007717822293237408
0.008678204869572943
0.010449810406175729
0.010671926814644971
0.013194662901773074
0.01630450561903765
0.01574852401999948
0.015610532565303495
0.015384433199172822
0.015166978147229023
0.01515337875304378
0.014945757879971345
0.014926090549294637
0.014655986992276717
0.014576781223414936
0.014515135424194213
0.014364489415120855
0.014311025128047043
0.014229575746527341
0.01412789535787061
0.01385369661011707
0.014137616520312346
0.013796008931838464
0.013424245879994096
0.013414615021026302
0.013251009114330338
0.013160665676206629
0.01303730785376697
0.012774837703800926
0.012920016644818483
0.01267992467053722
0.012500467958259527
0.012269942559928538
0.012109509908602895
0.012012902838743735
0.011878299748820959
0.011653041397438986
0.011161201603049151
0.011072149983320002
0.010808310754353477
0.010473411090706831
0.009926831097315961
0.009443150485091121
0.009154473414000507
0.008848910211263416
0.008609045810440433
0.00838710397708221
0.008297600095795693
0.007861975824164452
0.00816564861615406
0.007416627926873826
0.007430600798819388
0.007199058128590478
0.007407919760514921
0.006882763276242207
0.006865261825428248
0.00725189306137857
0.006708233823964947
0.006564361528519576
0.006784746963008542
0.006486585418145372
0.006377181221043395
0.006511539566791921
0.006289503212896324
0.006220593323896282
0.0064961662054688575
0.006232523724924181
0.0062301527843680055
0.006244684391106679
0.006218431630633145
0.0059261367913057035
0.005909848220594158
0.006188140579316521
0.00607236504128255
0.005755606235797021
0.0062403201330105
0.0059238983553216275
0.005716188967436831
0.005751271146810918
0.0056542913934268125
0.005848413233201359
0.005629409711686111
0.005745339455413763
0.005690428025794224
0.00535832753048113
0.005730889398152026
0.005758828176707725
0.005509471042064306
0.0054395308818180705
0.005761846815122761
0.00578450238567159
0.005556055403392867
0.005302318465399826
0.005403860639693721
0.00576084153726697
0.005402481209521539
0.005354496197792414
0.005378814938556508
0.005277683425294322
0.005143642786751005
0.00526430232615741
0.005196858027723627
0.005167036510951748
0.005546184261024834
0.0052244228889695675
0.005099909987178779
0.005076830029470202
0.005151303236973341
0.005162765976981582
0.005126794188709877
0.005486731852674596
0.0052733414667162385
0.005211386899246234
0.005159421519280594
0.004995307911222226
0.005026298659966789
0.005032653093477276
0.004954729790616536
0.004928229407137521
0.005035330415224639
0.005054078373849113
0.004835985422517373
0.005027000696581101
0.004746061188351607
0.005158525780626685
0.004708926558981989
0.00493163673346427
0.004687157857762737
0.0049099430363520845
0.004854794352306662
0.004998190857243733
0.004780443282972012
0.004797559114016384
0.004810500150180866
0.004858391668438633
0.005160985301274841
0.004864911644536758
0.0047707764919255385
0.004600311229092495
0.004696105215176244
0.004571118566129252
0.004585765711266861
0.004974614065053447
0.0048549940056715896
0.004953187927342603
0.005280441225932859
0.004518316886779443
0.004508529284916749
0.00447402940627849
0.004495948170111558
0.004377863058715919
0.004632420348282033
0.004621756158629867
0.005359545637305094
0.004606596205087605
0.0045515359161752405
0.00437233546122073
0.0046574091691106
0.004385653054167595
0.0044145497241031345
0.004353628441621767
0.0043686430718506055
0.004340538050039349
0.004507711492304768
0.004594234910697859
0.0044861602418507646
0.00460129432275752
0.004327463732475293
0.004400157730887148
0.004431416874612185
0.0042373755246087495
0.004495243770375012
0.004514534250511048
0.004413654459814463
0.00487514700366306
0.004208288116328349
0.004161554282078537
0.004440105827003021
0.004454826513984215
0.0040906438012128675
0.004564661608800013
0.00427803453971919
0.004159320761649826
0.004255816379614244
0.004175309335516992
0.004233657167005901
0.004296499321881299
0.004248951524757197
0.004147998131289382
0.00417506310296741
0.004159422563040785
0.004089469666740744
0.004137754651378387
0.004212488516051078
0.004187799496228032
0.004666460258015823
0.004298256546972651
0.004103138812199653
0.00402781798147431
0.0040254507988482435
0.0040349990399293255
0.004094242196634551
0.004002063874607888
0.003898626774392813
0.004085685263570642
0.004285843002775284
0.00426608794281764
0.003969406989777339
0.004049672397010237
0.004095030530730141
0.003880869834379197
0.003955685577102911
0.004154324293284564
0.0038232630342854377
0.004005059882754756
0.0040492430638313015
0.004070627903478725
0.003819632165516927
0.004106797959011431
0.004032622672460765
0.00396337795558725
0.003905080197918638
0.0039289012120462185
0.0037398422920258247
0.003963453112013429
0.0037225484521624364
0.004056342690312695
0.004018479958176613
0.0038450965614310493
0.0037451920286691357
0.003931414043295815
0.0036980389730534823
0.0038395780856747214
0.0037382539094068874
0.004009164020062259
0.003538827418358387
0.0038661968624480415
0.0038498817729789797
0.003992705274086063
0.0037464817668198145
0.0037208785624983157
0.003670590627224785
0.0035579020655757496
0.0036557892785694835
0.00396850199012138
0.006299215334110728
0.003543937270895134
0.00362477648707333
0.0037843878250395026
0.003543934220160906
0.0034797308002555063
0.003898063515722055
0.003794570399065302
0.0036652391280317417
0.0034614575256497783
0.0036898282069329903
0.0037071920265487144
0.0036934796746855027
0.0036088856574687583
0.0035185389379561644
0.003918224601858408
0.003642511642189853
0.0034132842605533167
0.003242676022297172
0.003364775375523996
0.0037678648221576324
0.003989399484767814
0.003691660238116562
0.003589329623103699
0.0033562947673914587
0.0036752389310902665
0.0034010253169913297
0.0035118822293425693
0.003539923335878161
0.0036210828824142847
0.00336306210646458
0.003611705654352973
0.003657732446129634
0.003387227596793428
0.003301586728395076
0.003363618961204644
0.003439365551049743
0.0033079788663259177
0.003497483827843914
0.0035921757394517554
0.0036689902527397063
0.0036205587915153566
0.0033075745210974154
0.0032996410519215407
0.0032764884739000105
0.003476918607549829
0.0033983040098362017
0.003386241693928768
0.0032210838708974354
0.003651744435828562
0.003256857523555371
0.0034606479724138
0.0036874130938341406
0.003266694287499674
0.0032427709203683465
0.003443899847323371
0.0033822779469714266
0.003340860459927435
0.0034672211067942535
0.0031612244560861977
0.003415378317602466
0.003535605920261103
0.003397515609372999
0.0032240366128003487
0.0031047553361489254
0.003151398025905696
0.003480862582398352
0.0033180628463660724
0.0032376952993761854
0.003311641759099874
0.003117999820273683
0.003170057956050977
0.004362081166652736
0.003236483266820835
0.003240640426411459
0.0032949789686163313
0.003296138129031686
0.003103182080993864
0.003155549981622635
0.0030643732730891104
0.0030134887212591474
0.003288342715371574
0.0031700982694801328
0.003111074467529064
0.0032860649680005057
0.0032748211247010904
0.0031942005452012348
0.0032558555542883056
0.0031194893641084014
0.0029324068095987646
0.0033001507530162964
0.003162701282363002
0.0030341673050528375
0.0034377451052575885
0.003008723211100447
0.003224507125451395
0.0032922786325390373
0.0032659965386683835
0.002891264780790101
0.0029456123751022407
0.0031705827084500516
0.003271928496623986
0.003123394397487777
0.0033068710570354188
0.0032240879802451095
0.002896569308032778
0.002945735008307846
0.002988765538435116
0.003120198947046753
0.0030286779777347066
0.0032209549512644516
0.0030663280985013487
0.002996962596923461
0.003166492903283057
0.0028075084980211666
0.002988500090829471
0.0028067083798662246
0.0030538382119647115
0.0029514037131410198
0.0028848703058488735
0.00275834007667395
0.0029954963198332027
0.0030628508000382195
0.002918898040933587
0.003236780685120236
0.0029290361432184543
0.002864243538841327
0.002707401239400225
0.0031493036076426506
0.0027845729899671034
0.0028440694816445357
0.002801490402519355
0.0030496456447083537
0.0029565720997367785
0.0028008317159245086
0.002903838733333015
0.0031370070630197073
0.0027121733906722376
0.0031012967109210164
0.002805622247761446
0.0028513626948381975
0.0028338839928837164
0.0027078825286284925
0.0028331969966937866
0.0027239353724572563
0.002833114880372152
0.0026355718031838954
0.0027636163922409728
0.0029482607921219877
0.0026991789079071067
0.0028700552506494186
0.0028840763533540138
0.002872167420617052
0.002560580075309377
0.0025718893472836397
0.002712191659173815
0.003258455736197044
0.0027845423488016023
0.0027535610079382346
0.0027522443071286255
0.002666316912335422
0.002636599416461573
0.002574814694594139
0.0029012868235270693
0.002551501191430072
0.002549356904977532
0.002554911766505896
0.002764068408999766
0.0025631839933883504
0.002810922468725209
0.0029653383997730286
0.0024199317466189092
0.0027163349990689447
0.0026778303267364608
0.0030654132622946924
0.002803075620164729
0.0028698135942011793
0.002540823864254439
0.002356803770368553
0.002678024521637186
0.0027725284301162324
0.002709860891695613
0.0025509336558562296
0.003079561196772434
0.0030390161120062956
0.0025694693686771335
0.0030849897901083683
0.00270103949783631
0.0024883419864976377
0.002496018473746551
0.002735523745269628
0.0025283764660462876
0.0032231419958679056
0.0026761535729203268
0.0023772668868094404
0.002424682506847535
0.0028648711860649913
0.0032195727064526667
0.0024981267987445833
0.0025232582925340144
0.0024934133131788157
0.0025322353924302574
0.0023477227279098236
0.002374857630380473
0.002367799011468191
0.0022177504643223415
0.002284618712543884
0.002363807002787487
0.0023770951742097457
0.0023568763482497536
0.002311367291313048
0.002554337138301371
0.002497925096687591
