0.01627745505422354
0.019175528697669506
0.02252449866384268
0.02642180610448122
0.031137588229030372
0.03653673836961389
0.04239015247672796
0.04801557544618845
0.04317813742905855
0.03369497761130333
0.029759667459875346
0.027587997671216728
0.02625840438529849
0.02521642843261361
0.02450553571805358
0.024142774436622858
0.02361250391229987
0.023243948183953762
0.02292752416804433
0.022731216829270123
0.02231570430099964
0.02209832701832056
0.02187152676284313
0.0216747219953686
0.021828007036820054
0.021342944549396635
0.021156148258596658
0.020984362857416273
0.020846885303035377
0.020817642100155354
0.020534638417884707
0.020586417503654957
0.020331301167607306
0.0202408501598984
0.020155212823301554
0.0202126925624907
0.02008683097548783
0.019966331608593464
0.019899527039378882
0.019736577942967414
0.019828208582475783
0.019677190268412234
0.019529679045081138
0.019406171971932052
0.019540080055594444
0.019298071982339026
0.019301798865199088
0.019420290533453226
0.019237935859709978
0.019296091152355074
0.019069440932944416
0.019108088416978718
0.01900367165915668
0.019030186776071788
0.018955713007599115
0.01894810339435935
0.018999554235488176
0.01878143774345517
0.01888951115310192
0.018943780101835728
0.018790909573435783
0.019047430753707885
0.018679401632398368
0.01862611809745431
0.01865696320310235
0.018714482858777047
0.018715413138270378
0.018465289399027824
0.018512715017423034
0.018498848453164102
0.018443071199581027
0.018486062698066234
0.018352655246853828
0.01842193108983338
0.018525107987225054
0.01847680767066777
0.018399991961196065
0.018381338771432637
0.01830514962784946
0.018339022351428865
0.018366865729913116
0.01830508466809988
0.018112291004508733
0.01815006598830223
0.018110528057441115
0.01826050778850913
0.018098902190104127
0.018082810677587987
0.018144243881106376
0.018035321598872542
0.018173833936452867
0.017975563108921053
0.01799115146510303
0.017879601046442987
0.018024157714098692
0.01796742436476052
0.017907190741971134
0.017936324067413807
0.01785106983035803
0.017784947054460643
0.017849076827988027
0.017658194694668054
0.017806282024830578
0.01763547919690609
0.017563540628179906
0.017569819753989576
0.017451738491654396
0.017392775462940335
0.017449673302471637
0.01745684564113617
0.017240218026563524
0.0170741037838161
0.01708993759006262
0.017034296104684474
0.01695170913822949
0.016776817245408894
0.016670078868046403
0.016537463888525963
0.01648166462779045
0.016248608324676752
0.016316235652193426
0.01612919345498085
0.01606050133705139
0.015902944067493083
0.015966460276395082
0.015720974039286375
0.015578618384897708
0.015549401193857193
0.015342356981709599
0.015340154096484183
0.015368652595207095
0.015388752007856965
0.015193301727995276
0.015046644993126392
0.014934083838015795
0.014882440203800798
0.014981447709724307
0.014947092989459634
0.01496368184685707
0.015335421115159988
0.014714573444798588
0.014741226630285383
0.014718842515721918
0.014654285442084074
0.014731383631005884
0.01464991264976561
0.01460529899224639
0.014538221890106798
0.014665633449330926
0.014492894038558007
0.014467313913628458
0.014679380329325795
0.014458043398335577
0.014287314899265767
0.014344135290011764
0.014284695610404014
0.014312662053853273
0.014350835923105478
0.014205981204286218
0.014325803695246577
0.014119703695178032
0.014166413582861423
0.014178817914798856
0.014057095302268863
0.014154038028791546
0.0141623399220407
0.014082919359207153
0.01398289424367249
0.014053731393069029
0.013959037833847105
0.013983810292556883
0.013952835444360972
0.014087302386760711
0.01390721690841019
0.013753707204014063
0.013881693873554469
0.013845613012090325
0.013845820985734463
0.013893293580040336
0.013887541582807899
0.013982090950012207
0.013704343745484949
0.013810533494688571
0.013708132253959775
0.013805354535579682
0.013699151752516627
0.013617875901982188
0.013806406231597066
0.013786595975980163
0.01369382648728788
0.013833598997443915
0.013713217163458467
0.013470599530264735
0.013474694006145
0.013508639791980385
0.013545891623944045
0.013480065409094095
0.013573791552335023
0.013304464183747769
0.013393979975953698
