0.03218685884959996
0.0342864010669291
0.032707803901284936
0.031078036343678832
0.031222086269408464
0.03140503550879657
0.03148685577325523
0.030212676525115965
0.03267550104297698
0.03241818799637258
0.028548858584836124
0.025500126350671053
0.019950518188998102
0.017683178652077913
0.016197652984410525
0.016052185208536685
0.015931426291354002
0.014783148975111545
0.013366440488025546
0.015120220081880688
0.01462203417904675
0.014196007940918208
0.013493596268817782
0.013556469525210559
0.013096416238695383
0.012657245146110654
0.012451640376821161
0.012411930407397449
0.012219441304914654
0.012516363286413252
0.013001603791490197
0.012649364806711673
0.011887502036988734
0.012611594200134277
0.012169984597712756
0.011965503660030663
0.011699519851244986
0.011738279107958079
0.011627914560958743
0.011952605904079974
0.010676603321917355
0.01276834863703698
0.011795038557611406
0.011368356698658317
0.011028322274796665
0.012227835264056922
0.011520856753922998
0.011662317691370844
0.011495070792734622
0.011049076248891652
0.011271591512486339
0.01106523086084053
0.011340936846099794
0.011241967109963297
0.011250274535268546
0.010901704519055784
0.011485234713181853
0.011807336397469044
0.010700301467441022
0.011331726799253374
0.011585740647278726
0.011049604644067585
0.011276247738860547
0.01099440906662494
0.010783794205635786
0.01006930778734386
0.011335676037706435
0.01113040503114462
0.01010847580851987
0.010656592277809978
0.010192444066051394
0.010766675379127264
0.009767897685524076
0.01017580270767212
0.01153879146790132
0.010623372853733598
0.010579838049598039
0.01065886442316696
0.010125875792000442
0.01145843944977969
0.009410575926303864
0.010271834179293364
0.01056296393275261
0.010099710167851298
0.010420721080154181
0.009709388227201998
0.010316878044977783
0.010064833019860088
0.010927158603444696
0.010617123986594378
0.010495326486416162
0.009558658134192228
0.010200696713291109
0.009896894344128668
0.010352239096537232
0.009769748670514673
0.010569597077555955
0.010120184975676239
0.009247201699763537
0.009691655826754868
0.010300179403275251
0.010772841544821858
0.01074025445850566
0.010347962733358146
0.009546247704420238
0.009592610145919025
0.009581386889331044
0.010314914816990494
0.010588533494155854
0.009507835772819818
0.009446421819739044
0.00944803070044145
0.009640080945100635
0.010442915703170002
0.009494110406376422
0.009677439322695136
0.01027800602838397
0.009201891894917935
0.009479834460653364
0.009689450543373824
0.009967539219651371
0.009891684835311025
0.010219910708256065
0.008902634631376714
0.010219661423470826
0.011236406068783254
0.009301931427326054
0.010152412457391619
0.010279573104344308
0.009847692246548832
0.009402407598681748
0.009051935356110334
0.010246384993661196
0.009856226197443902
0.010061283966060729
0.009534800690598786
0.009699990062508733
0.009949775985442102
0.0098577625839971
0.009022741995286196
0.009285132410004735
0.0100599745195359
0.00999924581963569
0.009477692847140133
0.010324594306293875
0.009584153103642166
0.009346906417049468
0.00930629795882851
0.009793183202855289
0.009516296277288347
0.009704487679991871
0.008830024935305119
0.00951664416352287
0.00977677337359637
0.008849773989059031
0.010068687787279486
0.009649892637971788
0.009665372918825597
0.009711791980080306
0.008876285774167627
0.009328825664706528
0.00982597951311618
0.010393422502093018
0.009488835230004043
0.010429090084508062
0.009088998371735215
0.010365675203502178
0.00938452452654019
0.008814324578270315
0.009556337716057897
0.009412771873176098
0.00906868853373453
0.010070337257348001
0.009467220262158661
0.00965565059101209
0.009286893920507282
0.009114646781235934
0.009140722381416708
0.009044616259634495
0.009769078332465143
0.009360051560215653
0.009340415955521167
0.009550198318902404
0.010182473170571029
0.009373750160448254
0.008872531447559595
0.00873795144027099
0.009204318632837384
0.009005981988739222
0.009884061603806914
0.009425225397571922
0.009805278941057623
0.008671959915664046
0.00938332783523947
0.009369454411789775
0.009289604441728444
0.009637617184780537
0.010013881772756576
0.009458791576325893
0.00906785277882591
