0.00011532280327161043
0.000125604574339666
0.0001368050979453133
0.0001454010640440871
0.00016073928487611033
0.0001854678343181285
0.00022068876016895377
0.0002651021810744959
0.0003194335413779563
0.0003728392415570648
0.0004362931415067646
0.0005183831075827643
0.000602364040507008
0.0007005732552889326
0.0007737722103951812
0.000850295310088751
0.0009372104028001575
0.00101281790775149
0.0010766197266884009
0.0011217801314321668
0.0012480915159859616
0.0013039623433125649
0.0014136440791657507
0.0015999496449057066
0.0015131848972784704
0.0016567019928490447
0.0017225899851650312
0.0018408135048583777
0.002102753023179596
0.0020900714094478586
0.002304874973373801
0.0024157383674472815
0.0025806278285459465
0.002628674989329024
0.0029140261429466447
0.003517498089507588
0.0032378518012804894
0.003443316792063937
0.0037584407657611173
0.004203139802127658
0.004033613939134178
0.004651737363495489
0.005041818067575065
0.005122857354091759
0.0055902029690115115
0.0061766780683309465
0.007086552665394809
0.007536661490214832
0.007442992232809557
0.007534473389169532
0.007209289000830918
0.007178780148959083
0.007182463733740499
0.007181643135192865
0.00696524017584014
0.006877048652636531
0.007058523260231052
0.007204071378169982
0.006882295220824846
0.007001720120799597
0.006826601150036554
0.0068434365637704865
0.006880543413397934
0.006788661113774804
0.006924170643857149
0.006795558750968879
0.00692047103347309
0.006883739369212014
0.006737324256867727
0.006820607771574755
0.006633603485697167
0.006693482668809245
0.007345845835788228
0.006598980387968716
0.006539310397205996
0.006724437719393766
0.006570225437911593
0.006668195960756009
0.006784013225522902
0.006629702546981938
0.006693324475074796
0.006421894345336777
0.0068250900002797005
0.0065489201229849015
0.006665304144866172
0.00674419362363449
0.006492332599961382
0.006365279770438847
0.006507211327813914
0.0068388185855523444
0.0065469697104749555
0.006484909771906786
0.006398170753969663
0.006410972848991541
0.00658925762236832
0.0065257698253980865
0.006459826104142747
0.0063595909067151075
0.006535913663041543
0.006314631689135333
0.006481787540175229
0.006581100812573508
0.006420687548206927
0.006490839298740551
0.006348045840946452
0.006350372709599367
0.006305561229046956
0.006179426687662968
0.006257847311610582
0.006340923571140967
0.006370830536759067
0.006506998128927896
0.006272797035945527
0.006438749960937024
0.006285327018856584
0.006412853376948597
0.0063341304890498105
0.006247048967443929
0.006380322111866254
0.006329768992281545
0.006333394640312469
0.006280086583688542
0.006292902151879933
0.006227439236783675
0.006344285039622859
0.0062269856522260145
0.006557401338761899
0.006263741440026559
0.00623231387053068
0.006266475009958251
0.006176236886357035
0.006371244711466308
0.006290077786701166
0.006037911846820334
0.006026499885108287
0.0063208474246698
0.006208192884582573
0.006055169791596829
0.006250410824883555
0.006548274544537694
0.006212024643764805
0.006166635415186044
0.006143042348786562
0.006220425975239165
0.00614459994553684
0.006364104378790046
0.00606092726066491
0.006066838526341055
0.0060454479154312514
0.006218460355841807
0.006272023570915318
0.006026026705512777
0.0062753395370542826
0.006088567377616452
0.0065628865703278895
0.006109129416617069
0.006042783296553888
0.0060171188566851145
0.006068399708574446
0.0062183583325001405
0.005986311987573368
0.006030003269307455
0.006135951667245059
0.006001952384700825
0.005941018431717269
0.006051483864909056
0.005969291921187123
0.00612386091335929
0.006036162959568411
0.0060233868850029515
0.006067215038787695
0.005939953198338746
0.006107084651120773
0.005784907448975909
0.006445339790036223
0.00595348886492723
0.005840508114964327
0.006029059951058719
0.006057864643914068
0.006035415120596919
