0.16153613479468518
0.013002493532992482
0.005038396708850062
0.0034744935975166333
0.0028334492784881284
0.002537784118762362
0.002388184272170624
0.0023083763129608794
0.0022708837723002602
0.0022455506585973583
0.0022458128207341428
0.002257473678676255
0.002271666409661036
0.0022962790430810687
0.0023213444276556166
0.0023819578128266277
0.0024097818804025718
0.002452667594765461
0.0025125678708106626
0.0025394760892578513
0.002575818067373029
0.002602071938688092
0.002625062394230061
0.002616369317255253
0.0026999248624735763
0.002624269388289687
0.0025763574385989424
0.002588600911707052
0.002558975465808969
0.002612020622364411
0.002860917766343489
0.0026112934449365553
0.002658486271072527
0.002770099805768092
0.0025997122441784033
0.002596306178292312
0.0026158194425385272
0.0025472252914751662
0.0028129901974157335
0.002754868362338291
0.002591689643841759
0.0026779742721059125
0.003998750884403587
0.004286221840536378
0.002727178341021465
0.0040256171982308905
0.0036384260856381087
0.004057304938563155
0.003788680751551221
0.0035684389137297383
0.0033723092311558046
0.0035084035627274105
0.0037811466554728136
0.0029593035551527883
0.0029538332883956206
0.0030508292789971367
0.0030470884684690876
0.002971660962685177
0.0029916226326392216
0.0027615907166814693
0.003477833930089652
0.003878217989635419
0.00306258626988323
0.0025176334675732197
0.0028066327936825492
0.0039023155619599204
0.0030273403401190643
0.0024585837322052256
0.0023172178967185665
0.0024834157715151175
0.002566857747059037
0.0024822237335632895
0.0025435244750501326
0.0023680879738808515
0.002731171495631494
0.0022259023857616306
0.0025172795818587676
0.003458425452689005
0.0027491968064177258
0.0022097363971199874
0.002311234838964644
0.0031456199124298783
0.002220487001212749
0.003153584030931206
0.002403390980064521
0.002521116632498174
0.00367291910774031
0.002568812038266387
0.0022666847962172373
0.003317741311599161
0.0023236153473224597
0.0026018611366521115
0.002414153267577221
0.002372250510880149
0.002749060206637483
0.004297849439328241
0.0035200576144531716
0.002704044654377884
0.0025096611504956522
0.002005424131813381
0.001917204541637275
0.0019905290881358957
0.0022326168075430196
0.0021315791826938915
0.0018756783705544179
0.0021330137975365967
0.003038334400745579
0.0023953553482837908
0.002441285749805969
0.0026042470888008374
0.0022782409377613707
0.001985488115389892
0.003779560184730739
0.0021760369265869817
0.0018978932003107653
0.0019725317211068782
0.0020130555086690827
0.0033394999641089516
0.002214149916305198
0.002069362545022567
0.0021367742131664373
0.002199736597869441
0.0021382653813756935
0.0023188751841521013
0.002153156700578875
0.0027196707256207956
0.0020283401092932186
0.0020259863546849273
0.0025127147864028115
0.002041421245857551
0.0019028065323603348
0.0027357129166316174
0.004156325877400411
0.0026443702664887794
0.002022250524447865
0.0021347117090214775
0.0024203089284536507
0.0033137354919269123
0.0020887202484789957
0.0017936202837807065
0.0019886016586760633
0.0020271068652134355
0.0020409966873388007
0.0018206252977600165
0.0020219532203877987
0.0018149158638841082
0.0022351198158418392
0.0020325964998897756
0.001819028336311055
0.0019075229598609644
0.001683755506593821
0.0018874527965389435
0.00192101746737722
0.00183995802387395
0.0026734169402864772
0.001964098594921737
0.002639660906050981
0.0019886546779672013
0.0017458726407167998
0.002265297240092393
0.0037177122577755043
0.003618859541254275
0.001899768213771945
0.003377918532351032
0.001960599092683955
0.002156346664267862
0.002055666163818319
0.0019083369466711148
0.0018222579671609625
0.0019593126642099955
0.0019342414430934484
0.002348834142811318
0.0018395293247233206
0.0019947210257159217
0.001874553749585855
0.001991277024210822
0.0017981635467540994
0.002047497346653455
0.0018505936689244009
0.0018661427077680617
0.0019624745255666914
0.0020104355959952853
0.002058994894298925
0.0022758912174335776
0.0016415694649070153
0.008868962478993686
0.004513650987880461
0.002248626129449319
0.0018122208665917131
0.0016956076928453573
0.0022316968963899276
0.00187271111726404
0.0018586838551553262
0.001588844326999317
0.0017176370136983796
0.0015998287420180216
0.0017284460057870041
0.002046910330553095
0.001668407927184566
0.0017934058793977112
0.0018229632508923587
0.0016228829531725845
0.0019101368227460048
0.0015033445085472837
0.0020313127511442054
0.006559606112766071
0.0031621157538219763
0.0033773299013960794
0.0019197430081935338
0.0019187033723138934
0.002759053464326137
0.007889909047424514
0.002084221394958897
0.0017375178095475536
0.001598159138496234
0.0017272591521249752
0.0018456685908952572
0.0017649324754444517
0.0016559713352014632
0.0017022554869828832
0.001838683937328093
0.0018021356035350326
0.001568778349460912
0.0016341394386863528
0.0016678257521120048
0.0018752314534939165
0.004150401066747172
0.0029272674425139538
0.0020385724250292494
0.002686047088246027
0.0017022235530089135
0.0019105270692086388
0.001785909271772916
0.001783962164859714
0.00191444479240209
0.0017502611229918618
0.001628992107215938
0.001887713970777483
0.0017232359969057143
0.0016555170779917216
0.0025310071743371958
0.0020278058026778015
0.0017907095776009156
0.001586951722312614
0.0016461793033005756
0.0015472654102557278
0.0016869129403603098
0.0018789585683577493
0.001932851623125792
0.002750246527182617
0.002269625458126522
0.0015847410954465376
0.001661079582403562
0.002058947732221666
0.004922694203478641
0.001705239901197291
0.0018143557092592678
0.0015941024874881013
0.0016000414485869076
0.001619056193593228
0.0027054021723577145
0.0021116798156089038
0.001646560519687814
0.0016389907529212047
0.0017748308247259913
0.0016924627049103658
0.0015115261507094358
0.0023616181401466237
0.0023777226435464467
0.0019995802828485024
0.0016920747141305915
0.0018134460630543773
0.0014862843531305754
0.001737654230896836
0.0021286250021913585
0.0022998182423995964
0.0017777164398679493
0.00224766480980145
0.00162842059856124
0.0016238163807429373
0.0020336097239072775
0.001805974261413076
0.0017506041592335172
0.0020391681497028778
0.00196477034532848
0.001574098851714527
0.0017066662464721703
0.001484134216536115
0.0027992555615383367
0.001677552484537292
0.0015487620304012236
0.0026635078829713166
0.002304725925586073
0.0015553489357894548
0.0016804203689185398
0.0016730602212668023
0.001542201495531372
0.0016414468885490793
0.0017561424386504795
0.0016215973178460045
0.001592939408391575
0.002083811827360818
0.002059889845789419
0.00201913348516606
0.0015690327066031642
0.0015489193583647155
0.0017855572704634864
0.0018131856014516866
0.0018461242157130318
0.0015703439516685555
0.0015162687357536857
0.0015484236594763905
0.0025238729142975586
0.0029303556798835435
0.0030522822629808336
0.0019182657189754264
0.0015940149222222096
0.0017364688204584
0.0016097202731152804
0.0015829592727224786
0.001560879548659078
0.001484164032730422
0.0016284946479538682
0.001576874837079129
0.0017455971930894095
0.0014316010752379476
0.00161039570801256
0.001498595185830284
0.0020488882899745674
0.001555542836387894
0.00228011728510278
0.0014414736504936329
0.0017173699838779518
0.0014910997510626564
0.0019994542619026327
0.0014500319930533313
0.001414845050225539
0.0018270740295851726
0.0015700741610642104
0.0026957158899047875
0.0014533991272622179
0.0016344613558830362
0.0019824401215458656
0.0015164278246349195
0.001478846341580431
0.0017813944821376527
0.0014993554864091816
0.002148517516820265
0.0015598481200596265
0.001413739804248108
0.0014128348192800637
0.0015858157407862318
0.0014067279244555492
0.001713243103286939
0.0015185588332128092
0.0022840485054016046
0.0017255232576933628
0.0036420847841964984
0.0020379660331217623
0.0017644000902258417
0.0013545674256105673
0.001482251746510373
0.0014732484379348075
0.001550064051456349
0.0013820932297880335
0.0013997320058020094
0.001369779915374782
0.0016738888260877962
0.001480564844161359
0.0016394472282780248
0.0015433146036230028
0.0016662048278746379
0.001404193399428329
0.0015486261089850287
0.0014822525361217732
0.0020693442634650656
0.005487245398738952
0.0038106666391532623
0.0023887310890811624
0.0028057938624417114
0.0015020058762334357
0.0013772626720242654
0.0013443413579501385
0.0015190593772089092
0.0014449085520197437
0.0018017496285355154
0.0015236363114101517
0.0015630833546208896
0.0016659751970203437
0.0015463959257048772
0.0016350323654206417
0.0017153030676466943
0.0015125664325853132
0.0013681882932547167
0.001375570987127112
0.00151624096553146
0.0014537749102091085
0.002027621544967188
0.0016140390247885556
0.0015738161947691342
0.0014889109547894066
0.0057600115542300045
0.0025911226628726855
0.002155411068598139
0.0014150608518643949
0.0016567121030301483
0.0013309301341727167
0.0013545545734134372
0.0013461969368525337
0.0026420504809466024
0.0015275122279031464
0.0015052671152032111
0.0014969470924871896
0.002552462326935014
0.004215032943724611
0.0024848532156853407
0.001761545265032518
0.002166073594435997
0.0015369242772016083
0.0013890527759974596
0.001454799152610423
0.0014639700429457474
0.001386182792876438
0.0014214578601988643
0.0014373363285634458
0.0013781934372741277
0.0013383513533566844
0.001517454588189547
0.0013837349077765002
0.001373112588744419
0.0015195361871672708
0.001925655557158203
0.001995644069610764
0.0013289548185758432
0.0016174705429263761
0.0014904078181014857
0.0014096244090621873
0.0014106510723853989
0.001434488003316257
0.0013194114030186505
0.004805782528335194
0.0019789601613062423
0.0014248945055068166
0.001632262296293575
0.0015711872895557224
0.0023922355308101696
0.001845104597556779
0.0014501414819355078
0.0016509806805303337
0.0014874386352543485
0.0015369513916356542
0.0015619865917300404
0.001914300859272567
0.0015804679090838235
0.001453944156463171
0.0027246978667033748
0.0016401361009850228
0.0015506278288280853
0.0018585965923516724
0.0017678504815177175
0.0014377959302700534
0.0029371805651174318
0.0015238466279289607
0.001321022268210616
0.0015149694006829132
0.0015265543830350354
0.002333533807622843
0.001618206827677177
0.0014855735755751832
0.0013533175556276376
0.0013720117771571555
0.0012658893913531102
0.0044135532252682005
0.002281550998270738
0.00151119838717881
0.0014940381219292877
0.0017338472570262188
0.0014063853136194156
0.0013585668976557937
0.0013504557060752343
0.0017884095921833938
0.0013307339933953273
0.0012423485769372364
0.0017070088910361074
0.0015002466016340234
0.001499344531672998
0.0017472500303568684
0.0014060992477178816
0.0012880177514531833
0.0014121022304437324
0.0013912483602631664
0.0014402089541490739
0.0012984699071885443
0.0012426688640474158
0.0014740823586928337
0.0015490653823460583
0.0013919907094906388
0.0016835383895706282
0.0013818470132863584
0.0021313252555811343
