0.0001561166323184484
0.00017903857196955377
0.00020247873082179273
0.00023628488440332045
0.00028160001775772076
0.0003405114642353119
0.00040990414294288013
0.00048735517155483503
0.0005767854317102286
0.0006690108612784681
0.0007758429737720273
0.0008874384889805638
0.0009811676447889028
0.0010858437162823975
0.0011941455799659767
0.001299154311505573
0.0013758545887230017
0.0015045347102378085
0.0015758291299228565
0.0017054078798027378
0.0018311231718050472
0.001984972091691969
0.0021656964727129057
0.002149413622128037
0.002244980163136758
0.002411824420407832
0.002737159191230399
0.002775117890935426
0.002945753403016688
0.0030865512340042356
0.003214742065729382
0.003390397488087346
0.0036298440036007036
0.003926700591457851
0.004203551237810856
0.0043394128774579994
0.004406835198419812
0.00516828518386965
0.005036152454275882
0.0053207039339119725
0.005715069899587918
0.006166613950159087
0.006649807875619105
0.007112503676266174
0.007639146418632748
0.008620688195610158
0.009161780266282714
0.010486143582422182
0.009864857555236493
0.010004001804496919
0.00970621943630487
0.009777094866366727
0.009832055107733913
0.009741662881798415
0.009524709462388375
0.009730144066596839
0.009231380406749722
0.009401438579346253
0.009333691953585665
0.00933118510956519
0.009216142515869481
0.009284953105863985
0.009400201828662897
0.009290446572997999
0.009194123687083337
0.009201690715641897
0.009162401554183425
0.009247266415454378
0.008982616137260589
0.009093307687631138
0.009022529291372015
0.00895626684781338
0.008949001689624285
0.00958438408909209
0.00893592236620139
0.008769895130698787
0.00905378185926336
0.008901466687305648
0.009112673076130798
0.008835749080509086
0.00887348969188458
0.008850980859040935
0.008979017400208896
0.008877138792162884
0.008696699741287766
0.008814730217993677
0.00898311934520917
0.008801971122657305
0.008656264489481801
0.00887974062238202
0.008608744342628623
0.008889461188603228
0.008772252144936089
0.00877154655275849
0.008734445024508044
0.008491979428854223
0.00848120092153201
0.008490929565018165
0.008700664816685369
0.008434988353749581
