0.024512292085606117
0.021601725116804634
0.025300997661357773
0.023066105466677846
0.021027341570154928
0.017963726044454165
0.018487946961375044
0.01886493108350407
0.01760263655688753
0.01789875640420501
0.01633034806669348
0.016601589202709943
0.014721490613451708
0.016712875070668626
0.016240189785400688
0.015462329689010434
0.017229330053200688
0.0185877449743686
0.015124823941787258
0.013977922064475436
0.015303644914498765
0.013129254064456409
0.01452050731883189
0.012745479531328922
0.011749474298381612
0.010908933687664758
0.01026216646166316
0.010589339158269716
0.009036032003913012
0.011164507094680415
0.011086352374984565
0.008143522677197965
0.00800867808985128
0.008133338146262247
0.008229174983719528
0.007924275362449053
0.008758368207231576
0.008283306271830148
0.008036297172591812
0.008564417411724527
0.007925564470783327
0.009060400470782574
0.007582299011091925
0.0062414741398433525
0.006540541613844227
0.007329285845913914
0.007851666404079988
0.0065846668031155605
0.006498279908419306
0.006193338782170766
0.007934016504103478
0.007521215180429535
0.006849593767791215
0.006951544246346818
0.0070219773291008486
0.006500839577036847
0.007602335045734169
0.006612005954913966
0.006730874627348984
0.007887746574702037
0.0067960837666705695
0.00628371347099009
0.0074820802823905505
0.006080468967724818
0.007506150236939279
0.0068401365314413225
0.007348912640695795
0.006755535991462157
0.006662819045061709
0.004967902107885864
0.007152557127299362
0.006780628235005662
0.006026604540429378
0.006608701607158794
0.00563741578476997
0.006246543017522107
0.0052195783658846966
0.007401288639676011
0.0065122382014018414
0.00619422530277749
0.008091075897974587
0.006814182869399364
0.006936077416455025
0.005599826326179981
0.009331169458191619
0.00682104943454883
0.006435364983367214
0.006465217716532344
0.005868626894056099
0.006666112758037425
0.006635298542445089
0.006402837160016822
0.006043499361534868
0.0065940945708015865
0.006190726913952998
0.005529663893843265
0.005278370905604758
0.006895197366629396
0.00580775010668104
0.005374601834978165
0.006432070685589811
0.006967341399972662
0.005458934245945464
0.0057028851333734394
0.005454240615180107
0.006222455772682013
0.006890081621809821
0.006321307899249885
0.006006824130725206
0.006127069129951713
0.0063435195762950106
0.006113394988048473
0.005428896106256143
0.005806686149993807
0.006170747947371399
0.005816197486058896
0.005373915727490085
0.006088598078949122
0.006016742426523597
0.005932485426197087
0.006021617933774667
0.006408613123976772
0.00571189557295031
0.005410553608820006
0.004952986704018612
0.00541254486183397
0.007157255747627592
0.0061358222768429236
0.005085277859060955
0.005569273211569473
0.006484265167685574
0.006197375937289565
0.005779343209519794
0.006407196847000334
0.005722999068178508
0.005752601213602799
0.005413407324854728
0.005205370967385615
0.005332026756865632
0.0054198595218744984
0.0059398022647737785
0.005660454773458334
0.005807787708502981
0.005696869894669458
0.005069233062031787
0.004588163848205518
0.005704516144624165
0.006623755506181406
0.0061785499176707235
0.005465787542418817
0.006047306393729026
0.006323022671651675
0.005411508436171313
0.005343792758555473
0.006595479859719803
0.005092967317358081
0.005741147643113457
0.0056358495571743
0.006139030427282174
0.0051390038912658914
0.005437027952504739
0.005764601436161963
0.00540577197651909
0.004878519688931744
0.004842991990437086
0.006013406909356279
0.0058791967465449384
0.005655267891165153
0.005330459092118453
0.004964352918080052
0.0051594113323422
0.004894215639764338
0.005881994278724994
0.005596918105265502
0.005285178414803854
0.005639012106870866
0.004913633113557147
0.00540305443605354
0.00444554723216062
0.0049563523301340675
0.005496159230998965
0.005487288419991795
0.005669980106013304
0.005224618125290083
0.005710439263055561
0.005126624923147748
0.005653360405024917
0.005094445565491322
0.005372710671481434
0.005123937263405072
0.005524925017957872
0.005540055409858652
0.0052681390934254035
0.0059295666791792535
0.0055916195761278095
0.005730238834361996
0.004684281295394544
0.006958901472265434
0.005693894273425759
0.005000554845694101
0.006186115509411407
0.006167053517025254
0.004956547288900574
0.006632317745243199
0.00587181167646306
0.005328089615997417
0.005424816000314773
0.005144840839250477
0.004864490279840211
0.005530971408987763
0.005747106059804064
0.005086119144030913
0.005327866492762007
0.004638469826698448
0.005448718266576888
0.004502625387093952
0.005222069623087418
0.0049071665510992185
0.0050456379240506055
0.005210438062727263
0.005066143123612631
0.006199202883375149
0.005463052251777779
0.004756188519998394
0.004855673428751748
0.005297976565937082
0.004224897960718888
0.006044853794370379
0.0055052180050620255
0.004376727615843687
0.005375950479884772
0.004986903203204615
0.005353537977062478
0.0049338005658918
0.0053328875620853354
0.004173798284989133
0.00574304772366413
0.004686501396623526
0.005769067505984532
0.004205890546707839
0.0051825958653353155
0.0049852090393396244
0.004672342214287757
0.004814123314134305
0.005525985339609383
0.005155965739473952
0.004869157893034675
0.004937665805883125
0.005129059832146363
0.004747438518582688
0.0041362829128428966
0.005049002006709269
0.004653607516766226
0.004786598520446743
0.005386531677117575
0.004730170726412489
0.0048592416559235276
0.005375057580416031
0.005365068662374487
0.00521543737254995
0.0046294861794048256
