0.016025197384878995
0.021383862402290107
0.02754419531673193
0.029656340759247543
0.027952628042548895
0.024729319401085376
0.023185517992824315
0.022283703926950692
0.021633474845439194
0.020652588112279772
0.02041186233051121
0.019932129057124257
0.019428386371582746
0.01896906238980591
0.018789705373346805
0.018622241141274573
0.018074551904574035
0.01786483997479081
0.01753825048916042
0.017424453906714918
0.017237706826999783
0.017043530447408556
0.016905124522745608
0.01701366058550775
0.01678702088072896
0.01638827477581799
0.016797512099146844
0.016466820649802684
0.016406098008155824
0.016113797212019564
0.016231870837509633
0.01596806268207729
0.016070394264534115
0.015744038270786406
0.0157850434910506
0.015596246244385839
0.015603734822943806
0.015497293444350363
0.015602631168439985
0.015408676331862808
0.015159349888563156
0.014936931235715746
0.01541083206422627
0.015177696840837598
0.014999737441539764
0.015094753177836538
0.014853035667911171
0.014582575252279639
0.014708435283973814
0.014586591757833958
0.014307203050702811
0.014491221094503999
0.014293088437989354
0.01431588688865304
0.014241985129192471
0.014340314520522953
0.013891916079446674
0.014124247124418616
0.014247293267399073
0.014347950108349323
0.013890843829140067
0.014130810638889671
0.01446389644406736
0.01380162687972188
0.013560717944055795
0.013722831197082997
0.014260045615956188
0.013859455417841672
0.013438630010932684
0.014114375384524465
0.0147057493776083
0.013479321571066976
0.015034545054659247
0.0140849553886801
0.013358296006917953
0.013472492014989257
0.013120900597423315
0.013504220629110933
0.012999186594970524
0.013111397102475166
0.013046787902712822
0.013552635852247476
0.013303905185312033
0.013115532035008072
0.013190701734274626
0.012766840839758516
0.012978627439588308
0.01283634891267866
0.012747331471182406
0.012651054309681059
0.012679495615884662
0.01361338006798178
0.013136071572080254
0.012476775674149393
0.012478693230077624
0.012157892659306526
0.013107397509738803
0.01226181908044964
0.013670107461512088
0.01343735856935382
0.012246012277901173
0.012472556540742516
0.01213450487703085
0.011920383302494883
0.024602361647412183
0.018082042010501027
0.01609564060345292
0.014481338411569596
0.013243598258122801
0.012550503611564637
0.012191193429753184
0.015997165483422577
0.021874608704820275
0.015804629269987346
0.013879244411364199
0.014008195120841265
0.01687630144879222
0.019741050628945232
0.014671671707183122
0.012901226915419102
0.012091382136568428
0.011934363269247114
0.01599552879109979
0.011913280100561679
0.011304597230628132
0.012124196207150818
0.011097076358273625
0.010904796882532536
0.012542184405028821
0.01117158544715494
0.010826054522767662
0.011127333380281925
0.014400131166912616
0.010848533692769707
0.012294897004030645
0.010620921505615116
0.010540277506224811
0.019569503008387983
0.016805843645706774
0.012386234640143812
0.013446425423026084
0.016182011542841792
0.01061801661271602
0.010101483631879092
0.009667709218338132
0.01001101141795516
0.009862176612950862
0.010478954459540547
0.010180746931582689
0.008990740138106048
0.010156102632172405
0.008972853817977012
0.009738421742804348
0.009104761076159776
0.015628295079804958
0.011086105536669492
0.009894046275876462
0.008837435906752945
0.028884466784074903
0.02562097741290927
0.021650542169809342
0.01916368678212166
0.017122479481622578
0.017402610732242463
0.013504101429134607
0.011656933310441674
0.010417133732698858
0.00953333146404475
0.009395423335954547
0.009195462898351252
0.011679730229079723
0.00903421494178474
0.007977920570410788
0.00921403014101088
0.009115238315425813
0.007412454045843333
0.010091042728163302
0.010823075878433883
0.008054905259050428
0.007267066107597202
0.007045976342633367
0.008925039966125042
0.013040624172426761
0.008284106370992958
0.043078164574690166
0.021005784766748546
0.018169046621769668
0.015544981444254518
0.024127130256965758
0.029825840387493373
0.0151093843113631
0.011229720385745167
0.01179604592733085
0.03169385282322765
0.01570016217418015
0.014327731672674418
0.011879705204628409
0.009595181872136892
0.010252006556838751
0.00868141618091613
