0.00015491670391358604
0.00016682799293882123
0.00018324715627760464
0.0002103481683321814
0.00024291876932387414
0.00028384818581110257
0.00033567818227141363
0.0003908078274817454
0.00045808393498131933
0.0005196260664939541
0.0005924836835806545
0.000652997655370795
0.0007041480097643352
0.0007744251362675862
0.0008456364142649729
0.0009163632178646469
0.0010006300681792897
0.0010731557350677533
0.0011839626939579948
0.0012740987229539586
0.001379708896845875
0.0014634234210580727
0.0015819867343639642
0.0016729771050789924
0.0018054202311045585
0.0018868196606592529
0.002043112338070157
0.002242950419568953
0.0023027260384683402
0.0025713945797178894
0.0025903211811896865
0.0027452105026317883
0.002884012474798136
0.0032192490539060922
0.003330894288928988
0.0035924792265798026
0.0037615316643632045
0.004031805439077526
0.004320778344348769
0.004619017959285145
0.004743380155457863
0.005194018189098999
0.005656196327801689
0.006310058808798476
0.006352524077258656
0.006988460607130394
0.007211184490332815
0.007742809547355103
0.00752673757253824
0.007286166343576858
0.00711440004486695
0.007106998371761118
0.006829803659380457
0.006732991361276847
0.006738616121502019
0.006694221814711378
0.00640617790262032
0.0064291106950422035
0.006152368545593154
0.006234239981614193
0.006094286578411463
0.005963379359438528
0.005917681372402428
0.0057508570308553355
0.005816688005503476
0.00570260120281584
0.005602185688390632
0.005465856246284653
0.005544953535650378
0.005425718715240326
0.005175479371144184
0.005483872446483958
0.005253863907158027
0.005106451819981579
0.005022944261267712
0.005149517192017879
0.005034121042813792
0.005010447687922028
0.005132505243696342
0.004957423839178458
0.00480938504480487
0.004869568255233848
0.004645798599051538
0.004679805557809283
0.004837696879523345
0.00474006833974272
0.004733788378310399
0.004479051822204596
0.004526822271791644
0.004532354853385798
0.004688957785517325
0.004634490769756871
0.004663043279009306
0.004389594690917739
0.0042926336249127705
0.004412320999550485
0.004249254678959183
0.004290390730330668
0.004259064924145971
0.00417949124261145
0.004141740503102959
0.004337156767016886
0.0045346989161465494
0.004132031612141737
0.004342671069773523
0.004159528647862793
0.004059564246073644
0.0042076828426063475
0.004312004773250877
0.004142530444165187
0.0038539180107780287
0.004077575168415695
0.003942430826669959
0.003931687271144136
0.003941466615134937
0.004070348276051684
0.0038339498868455815
0.004133751200268341
0.003761201697645413
0.004083061754533795
0.0037920893731344246
0.003759271964631
0.003856421380834741
0.003972324916971064
0.003920622682960478
0.0036674254659833125
0.0038823623625805306
0.0035692494554079583
0.003757912956099853
0.003584893059124735
0.003756107231515033
0.0037298505194485188
0.003676411106085805
0.0036679299713643356
0.0036347459933163476
0.003807645060435355
0.0037073661838701675
0.003933302267720035
0.003534525475643192
0.0034079080688001187
0.0033315474191402024
0.0034701706902515667
0.003852286277051632
0.003632951535449894
0.003382734797142063
0.0034752433801888026
0.003392447164243035
0.003343171343233471
0.0033003742875701045
0.0035013164715649928
0.0038860031473232763
0.0032861066571976466
0.0034672536084289166
0.003256690437104727
0.0033780945373577216
0.0033072634229097063
0.0035739859808715077
0.0034961512037030656
0.00362389366616817
0.003331053030468245
0.003220952494574763
0.0032398914994463046
0.003266813769875634
0.003201899990748405
0.0030131139988340784
0.0032157061053614054
0.0032346943582660546
0.00295176321072678
0.0032125152152458155
0.0031495960315071465
0.003238426875562416
0.0029808482352130673
0.0030645838814622193
0.003316796696461981
0.0031906822859527214
0.0031727812852423254
0.003094032624949675
0.002949297685713603
0.0029085104062143608
0.0030058078559237382
0.0034224165050817704
0.0030763262769133376
0.002873143550578644
0.0031371121844233265
0.0030859213455136274
0.0033223881434092176
0.003060388477262388
0.0028750527792645044
0.002919729476986087
0.0032171663424548492
0.004097144148273341
0.0029249028514887893
0.0027764437140278936
0.0027725566184000224
0.0028308074470940175
0.002996238041560331
0.0031424438690757987
0.0027782592267476926
0.0027700848415032654
0.003639992234562567
0.0027538993810390547
0.00278798189769264
0.0025882221977052357
0.003295766531868411
0.002866400993825154
0.0027411190535063705
0.0026916849805546975
0.003006137520179292
0.002997176052031986
0.0033918855946824373
0.0026923595975527417
0.0026901381217578654
0.0026104790474087976
0.0027810946867418275
0.002539035551376188
0.0027070125814083372
0.002597976530353739
0.003272707822132055
0.0027806150333120304
0.0027272029149903107
0.0026408095964313284
0.002840199316286038
0.0026874633486356552
0.0032178669374775593
0.002497983707994153
0.0025073371843378294
0.0026076775409768676
0.0023839356411448635
0.002714946361750399
0.002755678584146374
0.002448288637874909
0.0026539676794434123
0.003543863086591292
0.0026222457956940493
0.0024320382350690177
0.002980133627919985
0.003013610638020926
0.0036958269307076513
0.0024581351997461343
0.0024440100206558324
0.002572971690994487
0.0025981684921474726
0.003027878158234025
0.002433861095826011
0.0027710623711687033
0.002291148091083236
0.002590907214287773
0.002453744511019926
0.002685481611156192
0.0027167609219317474
0.0028844530396076426
0.0030831793414550683
0.0023653078361884385
0.002374631763984249
0.002193741304538796
0.0023627538227467475
0.002576870794808405
0.0022100118754831985
0.002618106632062591
0.0026929881755549845
0.005226663332845946
0.0026152614171172832
0.0029679175317243924
0.002273434196178862
0.0023141209532236942
0.00265959825445071
0.002278494609195617
0.0022900455482260575
0.0023153346319134548
0.0023101015956463102
0.002388969482092413
0.002306312635414755
0.002487936045998429
0.0023898305148364993
0.002467145195130746
0.00287622353007634
0.002351536606732216
0.002272390343779785
0.003143626926727941
0.002209904419245181
0.002217367422553737
0.0027884602308421284
0.002283026455579517
0.002217391867051336
0.004580959940990694
0.002299544419962739
0.0021783579570659063
0.002399051955805343
0.003108786165531481
0.0022262707798715647
0.0025933647743713495
0.0021958935850247673
0.0029332214421331536
0.002449186140166543
0.0023956505416361526
0.002232619317544398
0.002147830865252328
0.0021606876150918166
0.0023370697358884264
0.002101594460888757
0.0023085824730719015
0.0020741656075545073
0.0021117762064073826
0.0024625005414840007
0.002310549392621686
0.0019309280035477653
0.0021897244226909895
0.0027594839545863324
0.0021187451768179084
0.001996980117803666
0.002262745326750468
0.0022075654784865922
0.0020595871284168877
0.002858177277860101
0.002013724142245983
0.002289449440306662
0.0022119833129266644
0.0021631613745850243
0.0020079474507778815
0.0023475762311952345
0.0020728367892154883
0.0020174653047399824
0.0022224967422890783
0.0020734769078385017
0.001960585060013702
0.002121941955971192
0.0023837962558288473
0.002241588366287543
0.0021232916265247373
0.002018961799766207
0.004134184137970278
0.0019405320684956473
0.006613407964017416
0.0022116433285072306
0.0034739785184692068
0.0021214267858042967
0.002344186886139736
0.0018904733955185582
0.002008682544447621
0.0018156793264445857
0.001950475802344801
0.0021459268692719845
0.0022430070403911106
0.0022224127497223736
0.0019643389172177483
0.0019022736662485263
0.0020345864054816558
0.0020028285170300367
0.0019016056792118595
0.0021409246198523997
0.001900132546945536
0.0024838649219546083
0.0022259323893628457
0.0021057189317098077
0.002196010401544257
0.0022081377454728724
0.0020479204230528392
0.0018829265650183345
0.0018127686972403464
0.0021606849152355444
0.0020657818395618316
0.001887420443143417
0.002039477359949585
0.002061045857551116
0.001977300756093045
0.0019167214626594333
0.0021388198982893757
0.002101505208416694
0.005114523146930368
0.003361532307952364
0.0020464073766510342
0.001851793048385461
0.0020083435539103977
0.0018989140984915615
0.0018587230697108834
0.0020870169348335852
0.0021141420763690967
0.0027544711774680763
0.0021720757717745395
0.001870426556604662
0.005101754735920265
0.003000360091595484
0.001876608410384506
0.001857950133173596
0.0019081191414919308
0.0018594582384521855
0.0018119891677334662
0.0018848405528604706
0.00178469645232615
0.0017056944521653212
0.00407174124086502
0.0020366132577063047
0.0018478308556270655
0.0020374608472007037
0.0017903817221348252
0.003221725949269032
0.002815908417279754
0.002037988610078241
0.002111023792966539
0.0017532051836573474
0.002084476232994348
0.0021315420769420497
0.0016262818225245992
0.0017393511824993085
0.0016890454267055911
0.001958392463378591
0.0018375944963625903
0.0018193503500671762
0.00187452497677747
0.0019170980322257415
0.001675906610157271
0.0016833275820946792
0.0019977129027508546
0.0019258402416343304
0.001661055669934863
0.002671114482675357
0.0020743919507639533
0.0018388846936465946
0.0016348652912099263
0.001757188835322735
0.0017989590885357008
0.0017206225564342132
0.002002029977825897
0.002010185157534205
0.00201377270375509
0.0018595711341145161
0.0016349277039663431
0.0018139677043355759
0.0028453522267159526
0.0017943778129677489
0.0016757418819328893
0.002271100995130837
0.0018108403933056081
0.0024940042362644153
0.0017004832432270223
0.0018829375148585467
0.0017210136259640523
0.0017934621372379834
0.001739112812879922
0.0016787776573360942
0.0016344852775996813
0.003444479679945578
0.001791900904276887
0.0016214865647151927
0.0018862893845163565
0.001606519367746034
0.0017933875276646186
0.001599098207313724
0.002117171246834778
0.0018003231970371383
0.0016482393216520166
0.00210741413762645
0.0015883973098433986
0.0016473738224219497
0.0018126505025048854
0.0016096406803949449
0.001711250020617567
0.0015445035369849164
0.0019125849142927398
0.0016354664134201114
0.00476411640726761
0.0032726651096768745
0.0017589137241544603
0.0016220946514448064
0.0016166269501766937
0.0015540983675865927
0.0015288471653905184
0.0017889598226740468
0.0015032423882381817
0.0015314008635860458
0.001638389743046365
0.0018982433471349982
0.001746775345522127
0.0017633327167637855
0.0017750896382902827
0.001752821614891813
0.0016955922747511748
0.0016038158843750744
0.0018265109653932817
0.0018085020242876886
0.001615932715292933
0.0021481979235780436
0.0016959226815624023
0.0016936040600374444
0.0030251495190896094
0.0020792985639086635
0.0019226796371823124
0.0015724152973940091
0.001939084524208262
0.0022253252380357827
0.0020136980760938304
0.0019094612281856554
0.0016262830971091743
0.002166443149027171
0.0015732719218597756
0.0017545724964361186
0.0017546781204928095
0.0024920571938148377
0.001731571531147374
0.0015317033799517482
