DIM: 2
DIM_OF_WORLD: 2

number of elements: 16
number of vertices: 13

vertex coordinates:
-0.95 -0.95
0 -0.95
0.95 -0.95
-0.95 0 
0 0 
0.95 0 
-0.95 0.95 
0 0.95
0.95 0.95
-0.475 -0.475
0.475 -0.475
-0.475 0.475 
0.475 0.475 

element vertices:
0 1 9
1 4 9
4 3 9
3 0 9
1 2 10
2 5 10
5 4 10
4 1 10
3 4 11
4 7 11
7 6 11
6 3 11
4 5 12
5 8 12
8 7 12
7 4 12

element boundaries:
0 0 1
0 0 0
0 0 0
0 0 -1
0 0 1
0 0 -1
0 0 0
0 0 0
0 0 0
0 0 0
0 0 2
0 0 -1
0 0 0
0 0 -1
0 0 2
0 0 0

element neighbours:
1 3 -1
2 0 7
3 1 8
0 2 5
5 7 -1
6 4 3
7 5 12
4 6 1
9 11 2
10 8 15
11 9 -1
8 10 13
13 15 6
14 12 11
15 13 -1
12 14 9

