0.01632815957069397
0.022556840255856515
0.030577724687755107
0.04008320789784193
0.04665162980556488
0.04405763939023018
0.039043707475066185
0.0314130880124867
0.028122089970856905
0.02660517944023013
0.025476108361035584
0.025354265738278627
0.02430958701297641
0.02360261008143425
0.022656729649752377
0.022390018180012704
0.022005221992731094
0.021511435471475125
0.021614310797303915
0.02082934545353055
0.02049565637484193
0.020255128284916282
0.01981316363438964
0.019558118116110565
0.019270639130845667
0.018914625337347387
0.018731793640181422
0.018599733654409648
0.01835350421257317
0.019135525673627852
0.018195492643862964
0.017989467037841676
0.017924825474619866
0.01760741480626166
0.017975365379825234
0.0176975292339921
0.017461233185604216
0.0175367611926049
0.017211087848991155
0.016985790096223353
0.017005417766049503
0.016906981421634555
0.016726313410326838
0.0168289658986032
0.016575682181864976
0.016699191834777593
0.01650241726078093
0.01618922108784318
0.015843921182677148
0.015939490348100663
0.016345222610980273
0.01576733018271625
0.016258444041013717
0.016088726008310916
0.015442458894103766
0.015744766145944597
0.015901136202737687
0.015225983252748846
0.01543687985278666
0.014836416644975543
0.015159017154946924
0.015190658308565617
0.01505118902772665
0.014890365423634649
0.014354172833263875
0.016018305523321032
0.014121608436107635
0.014210301991552115
0.014695771159604193
0.014278071392327547
0.013846004158258438
0.013935378156602382
0.01356746420264244
0.014130702940747142
0.01376843016128987
0.013744555776938797
0.013269739518873393
0.013100686082616449
0.012600838234648108
0.012925159279257059
0.013284117626026272
0.012677493561059237
0.012869310025125742
0.018641102053225042
0.01359234968200326
0.012186564169824124
0.011977389613166451
0.012418966386467218
0.014368585306219756
0.012620928036049008
0.0129719680827111
0.012689281413331628
0.018740840177051722
0.012416139268316329
0.012571237711235882
0.011157612982206046
0.012049368070438504
0.01314403991214931
0.015250616525299847
0.014736321996897459
0.011260613761842252
0.01235800402238965
0.025101959705352783
0.01360152960754931
0.011005887724459172
0.030766599285416304
0.021499674450606108
0.019294530646875502
0.01803593329153955
0.016858000513166188
0.015601232992485165
0.014414356760680676
0.013330679843202234
0.01276264825835824
0.01188735912553966
0.012176551483571529
0.011491421824321151
0.013158315629698335
0.014707625024020671
0.01085353857371956
0.012677351809106768
0.01023083107545972
0.016691858200356364
0.01026860206387937
0.01056894802954048
0.009448510482907296
0.00972361455205828
0.010912872203625738
0.010268869227729738
0.011020735716447233
0.01095741825643927
0.015384636991657317
0.009657081081531942
0.009721285039559007
0.04067496608011425
0.02740212667733431
0.02138008713722229
0.01802710710093379
0.015829785149544476
0.013117255391553045
0.011938066398724913
0.011576294950209558
0.010020095612853766
0.013277106913737952
0.009899251330643892
0.009532293421216309
0.009992519142106176
0.009413031144067645
0.009874179544858634
0.009825491511728615
0.010354378707706929
0.010957477162592114
0.009184466386213898
0.009077588473446667
0.008132904712110757
0.012332004839554428
0.01809441893361509
0.010531589146703482
0.008538349522277713
0.009619836173951625
0.008342278297059238
0.008244028319604696
0.012179686871822923
0.016340644219890236
0.00917592156212777
0.00818156077992171
0.020528098843060436
0.012966761561110617
0.011919969450682402
0.009062704122625291
0.00880565061699599
0.008273820942267775
0.007582635784056038
0.00765402885619551
0.010667001192923636
0.009709042101167142
0.00741574791725725
0.007447238378226757
0.031988421967253086
0.017630724059417843
0.0123777159396559
0.013589542149566114
0.01160059820394963
0.008350653857924044
0.008372463006526231
0.007126037215348333
0.007553302044980228
0.007120416914112866
0.0071480378578417
0.021165346023626627
0.008241933761164546
0.007265003146603704
0.008201261856593192
0.01643970550270751
0.08404509142041207
0.042630423419177534
0.03410677179694176
0.029421015866100787
0.025847782120108603
0.023016428183764218
