0.0012634937384206069
0.001560675683297607
0.0018620969886133272
0.002290266452709565
0.002867358286764372
0.0035430298004349744
0.004353346247257464
0.005321795023298143
0.00641464108815165
0.00792250592840483
0.009459724997459734
0.011286344736298496
0.013350124993185336
0.016259838092279294
0.019780184711782715
0.023160945029451034
0.02921105533007633
0.03305738570634276
0.03300903555370767
0.03060337181228238
0.02945226284272566
0.028049892840302876
0.0275344244689001
0.026933921472723218
0.026856532364429253
0.026499542854474607
0.025199073064770247
0.025145010651416472
0.024526709810251724
0.02491614152362721
0.024255458929424954
0.02338095518407991
0.022998046180283702
0.02296273410634918
0.022498428368487873
0.021581689141237655
0.02141074535462099
0.02167155412403313
0.021325142424855684
0.021533638698275428
0.023553903189462586
