0.002825286916049663
0.0031601594848325474
0.00287039202376036
0.0026346666454628576
0.0019600767809606623
0.0020316309564805124
0.002584415754972724
0.0025425475905649364
0.0036815467326960062
0.004347935672558379
0.005729342412087135
0.0020979365312086885
0.0018412699573673308
0.0018001985401497223
0.0015358430060587124
0.0020790525057236666
0.002216198774112854
0.002970494658802636
0.0018304330282262527
0.0035935713876824593
0.0026630512078554603
0.001795230470088427
0.0032041393671534022
0.003946885499317432
0.0017890880932100116
0.003015757720640977
0.0035308687129145255
0.009654585493990453
0.0033426291698560816
0.002484193932832568
0.003433431086523342
0.0021751947486336578
0.008644580149484682
0.003069184390915325
0.006266917410539463
0.003176583848107839
0.001913392838469008
0.0016233370013651438
0.001497764701707638
0.00134042699537531
0.0012267920654267072
0.003052491541166091
0.0018272797206009272
0.0028906151968840278
0.00365740146880853
0.0015449444534169742
0.0016168448149983306
0.00196871212865517
0.0019377158118004446
0.003944291287189117
0.0018461805429978995
0.0012633930949959905
0.0018621441558934748
0.0015726858779089524
0.0017873177468572977
0.002087827724972158
0.001741138739453163
0.0013591944742074702
0.004493512992121395
0.005021140177268535
0.002154009435980697
0.0012384901179757434
0.0022909182975126897
0.0012561977284349269
0.004071922362345504
0.0017381250276230276
0.005257056140544591
0.002061776631671819
0.002311233795262524
0.0020793778599909273
0.0022592833476664962
0.011086101045657415
0.00375922485764022
0.0034306263663893334
0.0022176213176862804
0.0015724536489869934
0.0021995356468323735
0.0044757611296518006
0.0017836875089415117
0.0017867967359052272
0.0013424704487988493
0.0019527678443409969
0.0016198707584408113
0.0016547685874684249
0.0016776985561591574
0.0019311281994305318
0.0015431589818035718
0.0021714826893003193
0.002336219045173493
0.0018616984340042108
0.0018642526818439364
0.0049836175236123385
0.001936290101002669
0.0018165483328630217
0.0014740143484232248
0.0022282433634245534
0.002769492192965117
0.0017114893758844118
0.0016804600421892247
0.0014535005127982003
0.0016998801431327593
0.0019652386792586183
0.0021382472728873835
0.0026332050656492356
0.001514916574160452
0.0012683904547884594
0.0013117689020873513
0.002079646759739262
0.0012024638224829686
0.0014616024254792137
0.0012022308164887363
0.00311330605072726
0.002541998985361715
0.0020062459449036395
0.001521941185637843
0.0017204633950314019
0.0021634524688124656
0.0029204723272414413
0.001443558184473659
0.0011677840231641313
0.0028848935256974074
0.0020518655503110493
0.0017685392183921067
0.0014722939933562885
0.002977594566618791
0.0034525193092122207
0.0014971476492064539
0.0021934038897597928
0.0022145341150462627
0.0018718105362495407
0.0016674568858434213
0.0017010786239552544
0.001371287805523025
0.0031890843691144257
0.0032965854610665702
0.002738573617534712
0.001258671072355355
0.0021324675999494502
0.003162143340159673
0.002831465611598105
0.0021764131648524198
0.001504417371870659
0.001796901439774956
0.0019514245006575948
0.0022319422554573976
0.0020044588611199286
0.0020049041500897146
0.0013142601696017665
0.004056691267214774
0.007559535670952755
0.005073648676989251
0.001964223082177341
0.002160827535772114
0.0016581249996306725
0.0038012481325495175
0.0025311836114269683
0.0019389695469726575
0.0013998926524436683
0.001358865372822038
0.0012001772829535184
0.0010084788313179161
0.00214782180464681
0.002211082932080899
0.0015617847366229398
0.0022077566320149343
0.0029388879058387827
0.003919110249626101
0.0021651236620527925
0.0015257765486239804
0.0016822082912767654
0.0024203684719395825
0.0018656084410395124
0.0011465875977592077
0.0013465507006912957
0.0015514959715801524
0.002097305622373824
0.004026442631220562
0.0018107052603227203
0.0020118932114201018
0.0012777283754985547
0.0019067216004259534
0.0019327349649756798
0.003476784747545025
0.002657926945903455
0.0016089375134470175
0.001320640931771777
0.0016613089966995176
0.0022993797741946765
0.002270884094104986
0.002310780899824749
0.0013205438664954273
0.00155233993591537
0.0014608433557441458
0.0019363461313332663
0.0026758620100736153
0.03493789324129466
0.014792302425485104
0.008715256943105487
0.006237079911807086
0.005447671412548516
0.005487204938617651
0.0037345133445342072
0.0034116620154236443
0.002456476709630806
0.0033530945260281443
0.002934599149011774
0.0032123590317496564
0.002530489787022816
0.0024096610199194402
0.0019045096993068
0.002055855734215584
0.0013556049514590995
0.0016118173276481683
0.0021295725327945547
0.001741408190173388
0.0020004046680696776
0.0016594764310866594
0.001510878262342885
0.00224260601644346
0.0011561008454009426
0.002202431854857423
0.0038697411973771523
0.011576840890484164
0.014651523623615503
0.008573739903658862
0.004910361166548682
0.004228252042594249
0.004018321637704503
0.0026001920210546813
0.002189438354980666
0.0016269801712041954
0.0012027520500851097
0.0017558254148752894
0.003717274199880194
0.002577872121037217
0.0019911338669771792
0.0019353117848368128
0.002569012906315038
0.0013576674751675454
0.0016062606391642476
0.002029591272366815
0.001221520006765786
0.0018432809094520053
0.0016807314659672556
0.001686516695008322
0.001741242007119581
0.0016957540216026245
0.0019605278108429046
0.002348873067239765
0.001397871861263411
0.0019028025271836668
0.002337495430947456
0.0013646127103129403
0.0013694701987333247
0.0011667673374176958
0.00096314022612205
0.0014530904685670976
0.0022530818558152534
0.002917567981603497
0.0027446858228358907
0.002874721547050285
0.0014721382076459122
0.0016915385873289778
0.0014545565805747173
0.010205228333870765
0.004913355941607733
0.0023484248657041464
0.00218360946582834
0.0022789941445807925
0.0015299632572350675
0.0016357154341676504
0.0014383904956048355
0.0027953177552262785
0.0015881584702583495
0.010838952318226801
0.003962333796880557
0.0029084923604386858
0.0014761974931388976
0.0017821324312535581
0.0015660485638363752
0.0014602178753193584
0.002546051182071096
0.013950799238227774
0.0048237277940643255
0.0026791660515300465
0.0027658788898406784
0.0013682855931619997
0.0018153294569856371
0.0019323258076838102
0.0016215828622080154
0.0018474470438377467
0.0016895064940399608
0.0018446695121383527
0.00578552301194577
0.0021537844882914214
0.001691850397946837
0.001555316251506156
0.004675261081501958
0.0027533441319974373
0.0016070754283646238
0.0018872551738240873
0.0019627241694252008
0.0016031440112783458
0.0012717593992420007
0.0010780834851175313
0.0014590328582926304
0.0016414115341831347
0.0008136495642247609
0.0014517358400553348
0.0013489865017618286
0.0021078398920508336
0.0018289912415639265
0.001473465175331512
0.0011495172162540256
0.0010790601350890937
0.0016701086196917458
0.001808874161906715
0.001891501342652191
0.0029822488149875426
0.0017002208694975706
0.0012005391317870817
0.0024757463610512787
0.0012066687448168522
0.0011933210529605277
0.01039016796694341
0.010165440811397275
0.0031772682508744766
0.016340443271838014
0.007239873374783201
0.005070535852428293
0.0030560782022803325
0.002930041271611117
0.002893334066538955
0.0028419852951628854
0.0019920216349419207
0.0022703869348333684
0.0024969093617983164
0.001584320149413543
0.0017453880449465943
0.0028358683219266824
0.0038789252248534467
0.0015595920318446587
0.001483319814906281
0.0014531612903738278
0.001263334090981516
0.001391197007978917
0.0012698301521595567
0.0009637892895625555
0.0009684703436505515
0.0015087835334270494
0.0013095362461172043
0.0013143676826075535
0.0014891609835103736
0.0009392350455527775
0.005990496071899542
0.01295402265895973
0.0037380300906079355
0.0030763050897803625
0.0032302420275300394
0.0014571705369235133
0.001571649109973805
0.0016046831593484966
0.0018649595032911748
0.0016035850281696184
0.0014912563670804956
0.0018308777389393072
0.001813889420373016
0.0020787607978490995
0.001589802485432301
0.0008441839190709288
0.0013970994890769362
0.0014593254310966586
0.0024629916393678285
0.001568756679262151
0.0011102427533842274
0.0019764722728723427
0.002661067928602279
0.0015974074538462446
0.0010713624158597667
0.0012768633177984157
0.0020004036658065162
0.0011130162189147085
0.002902071675634943
0.006349778546064044
0.0020042916892634823
0.005017161866453535
0.009527459945820738
0.003176349147543078
0.004413827939060866
0.0071575762860447865
0.002742512740951497
0.002232911669125315
0.001780400376628677
0.0011823056114735665
0.001511271743947873
0.0015021524721305468
0.0016015860956031247
0.0014465333666521473
0.0012307066539506196
0.001646504268683202
0.0016489699422891136
0.0009649802314015687
0.00162068848258059
0.0012069810267348658
0.0016327980119967833
0.0014106287388131022
0.0014409681236429606
0.0014321330718303216
0.0008821304874800262
0.0014143302472803044
0.0014273094560849132
0.0016606258861429524
0.006175870226797997
0.002102812512748642
0.0015237078707286856
0.0010680247189156944
0.001848478640022222
0.003739254526772129
0.0012253208084075594
0.0010713070127167158
0.0012425499635355663
0.0022558073400432478
0.003853116122991196
0.004149408815464994
0.00120276583947998
0.005498744943542988
0.0013965615418783273
0.0034598836249642773
0.0027027927459130296
0.001943008716443728
0.001276537651028775
0.0016543197752980632
0.0012467785190892755
0.0014234733946068446
0.0015012175694209874
0.0016296865464028088
0.001953282234353537
0.002065164597115654
0.0011722113446012371
0.0012004724017970147
0.006778954527908354
0.008937725288342335
0.003085199093038682
0.003109843578567961
0.0016941865433182102
0.0014817268936894834
0.0010225096193607897
0.0021608090173685923
0.0009955211442502331
0.0015733155249108676
0.001605830987500667
0.0015855286672376678
0.0013297690902618342
0.0015843272052734393
0.001559429806729895
0.0015306071441955281
0.0009989598767788266
0.000922987591548008
0.0026165449495238135
0.0012636145014766954
0.001465238718992623
0.01507434623890731
0.004517864075023681
0.003093480736060883
0.0021900297066167695
0.0019579581390644306
0.003382891491855844
0.003120013728585036
0.0014995674651800072
0.002021416877323645
0.0025886067229293984
0.0008804515962765435
0.0061115118429370344
0.0016798962895336444
0.0012319474168180022
0.001888135376975697
0.0012735830787278246
0.003002824891154887
0.0014219226517525386
0.0013047173782979372
0.001541220307808544
0.007856704070945852
0.0027219271047215442
0.002174711276529706
0.001710907765846059
0.0006810392649640562
0.0010410891378342057
0.0011034948487576913
0.0034863961967857905
0.00192265671412315
0.0019485807275486876
0.001043138921886566
0.0012312835888224072
0.0011622888132478693
0.0012018605768389535
0.0016755609871324851
0.002341629504553566
0.0013903376213420416
0.0017805336021410767
0.0014832037579253666
