0.0007656863564191836
0.0009439424980342124
0.0011406816126042474
0.0014358367118040554
0.0018671911352981083
0.0023616274246140508
0.002900207547370244
0.0034356187750597964
0.004217541034843118
0.005068291619740981
0.006013924082130748
0.0072261982635167
0.008659653131994797
0.010055653537730561
0.01292586128614415
0.015002754702534829
0.018479561734460043
0.02185420461181501
0.021375545756765514
0.021171535208752076
0.020411373879068304
0.020275057806331362
0.020850890652729652
0.02001463050790433
0.01979322124404732
0.019140103301725577
0.019200772372691112
0.01888526460420139
0.01850955780733981
0.018721934862598474
0.01819993229425588
0.01751060878725823
0.01769285514082357
0.017260164184483222
0.01717055369187398
0.01718031883246039
0.016251597751712275
0.016311818711786857
0.01653251311634793
0.016375684799198563
0.016484080623470346
0.01668792457879848
0.015543256831242124
0.01611630495234921
0.015419088453494918
0.015389621542527567
0.015178932314361068
0.01509549273052127
0.014948509613089767
0.015065048258072016
0.01429770653595443
0.015209078153192595
0.01473156051439661
0.014884104525884363
0.014449616022584206
0.014462639714553449
0.014032418059336173
0.014316860367732777
0.013500994755697713
0.013946831021835474
0.013749968285697538
0.013915837328641902
0.014034467370161233
0.013841229720620086
0.014146461442578584
0.013934832800972602
0.013289717565655607
0.013241822118682132
0.014054236644123858
0.012412932168100835
0.01278961541263286
0.01376682727887119
0.01275953569927731
0.012908598206735946
0.013187580095364939
0.0120570737541326
0.012813137935449343
0.012166861668103249
0.012126946645612651
0.012134731666977844
0.012675786158069968
0.01241544888015031
0.011216777273000696
0.011833241560206926
0.012329790810425137
0.011045360338332987
0.011166594455308104
0.012305649019450554
0.011755725837665031
0.011738470244233974
0.011864529448290783
0.011306442962204283
0.01258597503466582
0.011046904079439873
0.010606229153455462
0.011322286028754772
0.010854383560866621
0.010930672198269717
0.011093910867694413
0.011348704112114737
0.010192745886711605
0.010169005877262837
0.010454656019794277
0.011446489293342205
0.009525672752076659
0.011119620848566646
0.010797193747429127
0.009689892319698088
0.0102414487408021
0.011120751105261513
0.009803338751127641
0.011259207994412832
0.009134597491120567
0.010200383717420738
0.00989938184077776
0.009850396618964401
0.0100022668594721
0.010125575791666837
0.009640233125537634
0.010092212665964523
0.009780576873438534
0.009409699735319795
0.00999238551751635
0.009096736939485511
0.009248809377675422
0.009637944800684833
0.008999608066939824
0.009042794806756885
0.009763100498349633
0.009689387654558429
0.00885322575954519
0.008724768435255298
0.008909546433494904
0.008708218532626995
0.010728918679838849
0.008507295037349183
0.00888900222993028
0.008857672057913718
0.008698098704445403
0.008489463855103413
0.010264162120497407
0.008514707222914425
0.008687563618091313
0.00776515866636072
0.00782329386030953
0.007872065868247551
0.008976027062729102
0.008181767251871124
0.008964098319788841
0.008679736758003364
0.008312685108378631
0.008824997896177543
0.007705280197016592
0.007623003621906596
0.0074723492843740795
0.007965332814303503
0.008074956297924792
0.00799230156258705
0.007264313960567469
0.008096636403540804
0.007893447842090265
0.007962122056916406
0.00859383530395634
0.008145355997053353
0.007835306983906776
0.008792807282785559
0.00808716577484046
0.007466956305260946
0.007581338033904447
0.007754688129156224
0.0074351307711048005
0.007951700472354738
0.007214452163630945
0.007257533025285984
0.0073011925033406935
0.00682571017249437
0.009321111412498646
0.006820453703718109
0.007949469942989684
0.006703825807513518
0.008640482436513176
0.0078982935047935
0.0073287328123115
0.007264249896743914
0.008537054330903432
0.0069951836414622595
0.007615366978161792
0.006997299905255991
0.0070048467691899655
0.007674807624425739
0.007525869964533863
0.006883397593785933
0.006775521984751764
0.006708834100848164
0.007191753925793376
0.006727918486167501
0.006712098074195957
0.0067100520292926276
0.00762631169542343
0.008194560312502389
0.009265631004677128
0.007874727923253149
0.0066598471807869705
0.00671079070024142
0.006188464964538612
0.006401682794062622
0.007200294329212173
0.006072154025566085
0.006413434125558549
0.006609012955654967
0.007415451862175974
0.0072930832841823735
0.0066562840971479045
0.006838946989454278
0.007743058174791922
0.006074357272843151
0.006274552438471063
0.006837738382101462
0.006006200192968134
0.007187658924030492
0.009735026845953905
0.0105024589637823
0.007243365746280934
0.00654567575799553
0.006228687575187635
0.005992721616781342
0.005879039369599038
0.006334800944927879
0.006451039852706615
0.005985020663010309
0.006130513838945409
0.006377370870747679
0.0062162245134508385
0.006104784206694898
0.005755904590792803
0.006522925974914452
0.006823749773084765
0.006159160194943684
0.005913958158753057
0.007819024698865423
0.006756148036770724
0.006645716616657336
0.006572788859704962
0.011286236296212804
0.0077305099804180905
0.007122016644791221
0.005819029347794886
0.006861616306736864
0.005621863845295298
0.005660235792920749
0.006071866172951067
0.0069227883603260225
0.005387789800266005
0.006306249882736419
0.006003754948914
0.005655735508519904
0.0066368401945707065
0.005555258787746818
0.005578226681226059
0.0058170077115662295
0.005247602279367228
0.005164505145355203
0.006295246920844137
0.006350106875902998
0.005925510261157477
0.006052170425489847
0.005678347786227745
0.005344412151119999
0.005465181130676757
0.005574762632415907
0.005287179120067456
0.0051544421671801625
0.005210166144958773
0.004839063593346902
0.005390053551260231
0.005383354315936968
0.005816177118922005
0.005268903655264326
0.009308385447995435
0.005468526150326471
0.01009975023476432
0.005827143589330434
0.005469533693473283
0.005145357364813822
0.005605963158666635
0.005168879217455616
0.005312972477121228
0.006099381845922688
0.005830833321040799
0.0056312227491100595
0.005095701551417241
0.005329637006365669
0.005470534427896948
0.005632757500279695
0.005034223515886461
0.005258423832364733
0.005009154019864729
0.005229773076181929
0.006142000150174607
0.00571182880446793
0.005276425614185329
0.004505510735356979
0.0054916002216585285
0.004519024249905645
0.004719410324075914
0.005260147063873356
0.00700334135389484
0.005013044881854659
0.004853674422987309
0.004926266984045002
0.005714128081800064
0.005231027293956612
0.00528529831412802
0.0056868329198993236
0.005012795727895069
0.004794146548610533
0.004962290879464834
0.005967106488438927
0.005059923577072048
0.005149634256077981
0.005635985236998799
0.005368343587473941
0.005049582968019201
0.004843087926683192
0.004896594081671808
0.004753584016234035
0.004803371451310562
0.005905019533128251
0.006132673632630424
0.006558508933930834
0.006586509740225518
0.005266089724672555
0.006479835004004574
0.006476422610560533
0.005671710061850152
0.005070615374967708
0.004583270104155196
0.0046458081350145815
0.004991939794775602
0.004522081246643604
0.004781594241157526
0.00486793477368239
0.004581960795189229
0.004739032657911397
0.00432131185221511
0.0049358072605714
0.0051538262876518375
0.0054852132413322355
0.004739286717046304
0.006289462199453516
0.005407442835889556
0.004662033692757423
0.00480841616376278
0.004904724176929056
0.004744969467267495
0.00516281408026525
0.004983785916182741
0.004821786134679978
0.005355276185484301
0.00517730854177923
0.004760447256361462
0.004013939564764449
0.0043065195881157505
0.00513587224791204
0.004019820607641737
0.004731795543685203
0.004580931369894864
0.0044821316098662195
0.008424550168235106
0.005233740153237926
0.004397384576165948
0.004481801144917168
0.004546474404255482
0.00499592609137196
0.005013560474302771
0.004040760471095407
0.004260548077778563
0.00476724402687978
0.0052351731047147534
0.0056264087183375815
0.005075455152011174
0.004250520392717491
0.004489102310774772
0.00483138211121833
0.005077464012838145
0.004226903514496076
0.0042198779221901015
0.004603847604861634
0.004467917500044899
0.004696736746228527
0.004435636718266619
0.004774281509673676
0.007242024125770439
0.005099798345818763
0.004389366840572424
0.005029084444096363
0.004771706688287039
0.005229877748501462
0.0041774308625168195
0.004292744926862871
0.004231044231690592
0.004341479942259203
0.004537355599176088
0.003952001022864008
0.004031661928574731
0.004093140726311233
0.004124838924523116
0.004307705308845569
0.004635594305393563
0.004143364242171063
0.003905642931066403
0.003966714402997388
0.004467930629805385
0.008709560444175795
0.00871134941966424
0.005284017588269922
0.004708001939925944
0.0049413051385419895
0.004909648048704037
0.004275882928128782
0.00391132351187234
0.004256539807396916
0.003911492624398749
0.004577282205384501
0.004601849293386614
0.004104793796196228
0.003740657426139994
0.004654816973237069
0.004769406814719676
0.004617638996097486
0.004297655948116821
0.004756933922180906
0.004170636741233662
0.003964531854836497
0.00395717505976004
