0.16600131589884512
0.018089728995670226
0.010276554132785613
0.00872631996835225
0.008078256432645928
0.007789676628188692
0.007641171207477417
0.007564818939176676
0.007527711964429956
0.007503736328995116
0.0075039350662693795
0.007526511583198732
0.007531228592775971
0.007566356705066478
0.007591026104011825
0.0076630020135508795
0.007678432392269791
0.0077289199221565906
0.00778287419152803
0.007804965343604857
0.007834719021795927
0.007885774551829863
0.007932651013344805
0.00793931232417159
0.007950300100546714
0.007873955926918816
0.007861178585928734
0.007904444244542272
0.007817326572714983
0.007824042383320282
0.0077310631151755
0.007798509422045584
0.008053687183517162
0.007936935340898616
0.009026963189766507
0.007690638540939332
0.007749194294544999
0.007899592658853002
0.007819541277381305
0.009768498802522773
0.008330400876491983
0.007726024213969429
0.008409260611145575
0.010301066473317898
0.008634435855043686
0.009690220210979754
0.012130166747755258
0.009887458795733819
0.00923000752194741
0.008703963824539123
0.00859053679915998
0.008353504848396667
0.008544601014789158
0.009071942980218435
0.008153521499344122
0.008339158030853512
0.010450497944186503
0.008340619201989514
0.008000116571174743
0.008010584882799989
0.008072551914325383
0.009213443414664993
0.008084102113792133
0.007803220193067165
0.007923452131380545
0.00777139583881074
0.007702849594284302
0.008246996209338725
0.009039453885770429
0.007944688120439091
0.007675242098918724
0.007799297756141173
0.007881671819122178
0.007770674875458685
0.007793699106131898
0.007671573710688781
0.007798136953943383
0.0077552257614889155
0.009467612464572782
0.008920501815329227
0.00780952934645743
0.0076148769509256165
0.007343653759214087
0.007266775694040355
0.00754597534373333
0.007473993611252196
0.007360355800156978
0.007536582479027109
0.007673332067293541
0.007352135518443919
0.0073330207514602725
0.0074534152969543905
0.007522724738570853
0.00785354447820894
0.00931907247612688
0.007503193824891454
0.007414941247291515
0.007882027301467328
0.007718074248633652
0.007261070118189972
0.007287458401330024
0.011557492688646384
0.007555085647781597
0.0073971078343793885
0.007814169319555442
0.007485234509352769
0.0074536844926982
0.007338008939105773
0.007359401033494935
0.007280307397611927
0.007300689122334958
0.0071060027008893615
0.007363309276455613
0.007569355250414566
0.0070649853485384
0.007504547019184471
0.007133280932381053
0.008273610653721284
0.007139130308353734
0.007311426362057573
0.006931826809560445
0.007614087439620885
0.007775327012325837
0.007309521004453162
0.014398118015378714
0.009774425859066927
0.0076142038854065345
0.007315330588145651
0.0069617878092957716
0.0069758764916386835
0.007020380380606958
0.007071614657119613
0.006889300645007012
0.007129206520148388
0.007875678956369373
0.007346679258517155
0.010852407866427414
0.007606231476937499
0.006913286122432518
0.00689274761999879
0.007018923415654452
0.0071669451709593015
0.0070153708117100125
0.006982964890025487
0.00702467816446638
0.006970683484834349
0.008145571882166316
0.008395472334732658
0.006954876547157068
0.006978925561236444
0.0069634917335776245
0.0069430935126946905
0.0068647008406642444
0.007604401599981378
0.007067242038880136
0.007523100239999384
0.007036501121768188
0.006954607062006944
0.007596427022052981
0.006907202083634856
0.006832448256454456
0.0068141517564480275
0.00800089720662718
0.007171381569563228
0.007209590877728345
0.006799300980240663
0.007654060922980865
0.006925076546547847
0.0069545279061160635
0.006824703103749551
0.008454243221677074
0.0076742848211673095
0.0068459322819677745
0.006851265178645186
0.00686652769734996
0.008060864484042068
0.0068292956055081054
0.006822309154303413
0.007027291020413286
0.006815117611941472
0.007318758048883108
0.006833305386565278
0.007324969522202405
0.007424285341593846
0.006839139030149607
0.006909706682036413
0.00690684370287459
0.006902005725810043
0.006749725413169259
0.00692317747101884
0.006647223017013101
0.008484984702369738
0.006705762135195676
0.008503900140210569
0.007022112816850716
0.006941764045367452
0.006853362514907233
0.008236440312047707
0.0071063611839210315
0.0067442397730616485
0.006693129036053319
0.006688301212145625
0.006770831397865142
0.006762733400111722
0.0066564143026056136
0.006774112453823474
0.007161173029480694
0.006903046539714821
0.00693050906427692
0.006783890296383021
0.0068240649345391825
0.006946720359150634
0.006645196052181108
0.0068268229854162605
0.006974569732915157
0.00675701789523118
0.006676627447062703
0.006587991669391082
0.012175373041079702
0.008154244340573238
0.007392094807838586
0.006994277225789902
0.0068655987574814635
0.006900738992197352
0.0066042800116239584
0.006964921159234559
0.006656594361204689
0.00710810017423861
0.011833506749472885
0.009156770231724481
0.0069562341543523785
0.007124853022309525
0.007328781290589092
0.0073336746334751075
0.00672960704384006
0.006833020911038479
0.007703802894330888
0.006996145282619607
0.006773317354583294
0.006765567297202961
0.007235422676046179
0.006604677921369951
0.006649408078204109
0.006697887826763163
0.006823269356581792
0.006596309454920136
0.008519572952205193
0.008226217403920872
0.006938246764225242
0.006712667115258975
0.007929739531425534
0.0066457725060389975
0.006651841641499478
0.006983471729696911
0.008219875562849028
0.0071070964957335005
0.006764370626030124
0.006519171054622977
0.006592264259669268
0.006913849222256202
0.008274658720191811
0.006721832156268375
0.0073896529562075
0.007183660074163263
0.006867663116655617
0.0066092817513185124
0.006715485036251283
0.00724197318777442
0.00679746434901989
0.0065284899357601865
0.009308011057812756
0.008441812302220925
0.007350018554776211
0.010078908066117317
0.0104773830726882
0.007058133621412878
0.006736286051971751
0.0065851031963617725
0.0066705621587478114
0.00649825495093295
0.007108660116704686
0.00684099679455927
0.006967243832039917
0.0066068344009674596
0.006644604708041961
0.006467910500887399
0.006604379301925547
0.006651911971585773
0.007788213759782576
0.00813230928947505
0.0067145365190248345
0.006742027733979799
0.006456654497082824
0.006765405479905622
0.006661182837386694
0.006940802983574082
0.00798105362968119
0.006596663977654877
0.0064649843745734365
0.006717131355620712
0.006572303257743332
0.006531851897103207
0.006671390428738756
0.006871745875975657
0.006605783216307096
0.0066903919791019405
0.007225023449842479
0.006717178807376284
0.0067038244032518604
0.008301775987373194
0.006681336751468828
0.006775371414809444
0.006682216503143867
0.006599719738413658
0.00670694217312141
0.006434292819733931
0.006611144914352727
0.007890542420758822
0.006754319797156848
0.0067878661668537375
0.006943493996633686
0.006599572739589994
0.00666002219185999
0.007049904180969173
0.006704452491112959
0.006753948786966155
0.006970166093800391
0.0068283467640595456
0.006606370006104775
0.006707687394380151
0.006555901731529804
0.007557049672180247
0.006995936231165428
0.006950595222465763
0.006951230878410774
0.011408075997083683
0.007767771266261551
0.00682624768700764
0.019735560284614144
0.009222314329643813
0.007535856417336753
0.007012836517609447
0.006779914493367911
0.006683773269754983
0.006587072077564129
0.0065319798081660664
0.006638369919018489
0.0064519360013062434
0.006439601913286007
0.006612395491259538
0.006836149515148914
0.006954276566524233
0.00664594615200343
0.006451099917344818
0.006409176655775197
0.006489237169865693
0.006566692900922254
0.006836053312573338
0.006545786521719577
0.006466714421583113
0.006385267762223554
0.006547806499456273
0.006300778763595028
0.006904852770216694
0.006493342596445685
0.007487455354655318
0.006510652906357128
0.0064672754368109405
0.006502005460924495
0.006442042280893738
0.006934391665402974
0.006538914061786833
0.006468208456655669
0.006439428158522209
0.006315012791011238
0.006852138611253038
0.007442171050009327
0.0066667391426826475
0.00856554817634626
0.006576828945811106
0.006439865379655194
0.006586363726234603
0.006333347888680819
0.008239911934447902
0.006910670777156114
0.0066241454202507705
0.006587006989431298
0.006435401206749065
0.006615694035627992
0.006774110192972645
0.006921569388098667
0.0064171043759925625
0.006792216139593136
0.0066340470873689815
0.006438145335659245
0.00652192240128311
0.006465106932707479
0.0064699768249781055
0.006489009716086716
0.00637021936067145
0.00645887442629471
0.006479025291818603
0.006547465441731092
0.0065489670492395345
0.006499546923822611
0.006791282332040996
0.006413866663525734
0.006835299857378563
0.006547359982505441
0.0066919487848808275
0.006328283345640124
0.006467751945395057
0.006468987975826609
0.006867368074534374
0.007112250054063641
0.006434509752614197
0.006462484430608766
0.008594862818630917
0.006774848655614758
0.006453368616960595
0.006499987704870857
0.0063939852875039395
0.00675030955043839
0.0067531825696057245
0.006576980089890622
0.006363486836307517
0.006423104412975573
0.008352952887452095
0.00945965842143676
0.007833673481646682
0.006877669603259207
0.006575437062463471
0.006782448513294074
0.006543471717284383
0.00643832167114401
0.006536537861869296
0.0066640525142375
0.007189022398893243
0.007453062210371283
0.006414831613808452
0.006452841882237068
0.006356623173891523
0.006486132305776961
0.0066703977324416705
0.006621332060127894
0.0066696141267665356
0.006872664355873087
0.006369434447227934
0.006389343018739301
0.0065593674526523765
0.007016987537651836
0.006429717823793398
0.006390035158963265
0.006369231462426414
0.006441836151790535
0.006283279401728901
0.006597766389408819
0.01082312663207614
0.008152441193445404
0.007246660029463401
0.007322705050529999
0.006419686694133365
0.00643605993468767
0.006391612416847009
0.0065096220171305345
0.0067908752570363965
0.006321885357567361
0.006374409850947907
0.006520011140225089
0.006672061522813322
0.006419757230938456
0.006762019674093506
0.006453136748103338
0.006452199850649198
0.006305554244127647
0.0066150177561756325
0.007083445260840877
0.006391682581558267
0.006736698527776888
0.007691779715731461
0.006530670708080179
0.006815161973795044
0.006436835506617605
0.006399849555933866
0.006371216252272095
0.006393893946084046
0.0062913964785391765
0.006337465061240386
0.0063528272314606424
0.009562577865147423
0.006830720433303825
0.0064870473519663945
0.006858634829921561
0.006345051184087713
0.006533137333326947
0.006367197728097857
0.007348175856902777
0.007435657049172393
0.006738910723529825
0.006429588985759939
