0.016051909155212343
0.02181464124470949
0.02873732466250658
0.035781287597492335
0.038368522711098196
0.02727366104722023
0.02317138297483325
0.021390496799722315
0.020510771218687295
0.020003694230690598
0.019320830437354743
0.01898741489741951
0.01890164993703365
0.01848641024902463
0.01800006754230708
0.018285388569347562
0.017774619339033963
0.017473022965714336
0.017246814700774847
0.017025341228581965
0.016779461400583385
0.016719257426448166
0.016282955016940832
0.016301993560045958
0.015921462732367216
0.015969061465002595
0.01580656537320465
0.015599575713276864
0.015730652031488716
0.015552240875549614
0.01556418027728796
0.015095447083003819
0.01526405009906739
0.014782475118990987
0.015031378017738461
0.01450926752993837
0.014551859572529793
0.014289192552678288
0.014375362794380635
0.014535973323509097
0.014127000388689338
0.013985053163487464
0.01470106872729957
0.013612525835633278
0.017198832663707433
0.013514437770936638
0.01344490158604458
0.013845076898578555
0.013575532496906817
0.014351321302819997
0.013001090728212148
0.013957604716997593
0.01265598549740389
0.012650030066724867
0.014139089125674218
0.012318583966698498
0.01352413086220622
0.012327461908571423
0.01185945281991735
0.011250920465681703
0.04554354439023882
0.05671922896057367
0.053912968132644894
0.036575540518388155
0.024351747296750544
0.021609159586951136
0.02059838471468538
0.01983600758947432
0.019412784092128276
0.018849867694079876
0.018435012153349816
0.018243607399053872
0.0179138769954443
0.017326488848775624
0.0169978673895821
0.01684485755395144
0.01647652198560536
0.016247096532024444
0.016175062824040652
0.015994769553653896
0.015694226156920194
0.015252506285905838
0.015341021581552922
0.015086357044056057
0.014760674214921892
0.014567612204700708
0.014267016048543156
0.014329611994326115
0.013934239097870886
0.014306152579374612
0.013818584976252168
0.01379614491481334
0.013557954628486186
0.013987718967255204
0.01357563934288919
0.013624563834164292
0.012891298499889672
0.012943017445504666
0.013049256508238613
0.012647489947266877
0.01234268327942118
0.012198824370279908
0.012042903658002615
0.012478810572065412
0.011649276101961733
0.012173384809866548
0.011729793280828744
0.011474199283402414
0.011706559618469328
0.010324331417214125
0.010425608297809958
0.010828959087375552
0.012048123627901077
0.01030927463201806
0.0119900914398022
0.009371597272111103
0.010232851961627603
0.01189827781636268
0.010318941703299061
0.013864211430773139
0.01158046473748982
0.008472601589746774
0.01998268086463213
0.01253334354609251
0.008988287874963134
0.008872640089830384
0.010074447419028729
0.008282881105551497
0.010279082574415952
0.008287735171616078
0.00894872121978551
0.022726903085131197
0.021223618101794274
0.012488273638300598
0.009013262034859509
0.007845326516544446
0.009094234701478854
0.007635084972716868
0.007444362990790978
0.00804661821690388
0.010467025935649871
0.01386562610627152
0.008456967028323562
0.0083904481632635
0.0073488170595373955
0.012780811635311693
0.0077339083910919725
0.00969108474906534
0.013360521431313827
0.01102139070047997
0.010136373004643246
0.023629366183886304
0.012749169217422605
0.007536975950933993
0.007197010952513665
0.008763611887115986
0.007904577126028016
0.007211246736114845
0.006559517912101001
0.00998377411509864
0.006584133058786392
0.007471209357026965
0.005845405682339333
0.0066602666961262
0.012042536287335679
0.009882493070326745
0.0064050130848772825
0.00578022187051829
0.008585670797619968
0.021036093510920183
0.008679363934788853
0.007956711553269998
0.005334529706742614
0.006107989216106943
0.022653325324645267
0.030581965390592814
0.01656394354533404
0.013563894222024829
0.01396154326852411
0.012366081881336867
0.008055286437738687
0.007058171142125503
0.013761585190659389
0.006591760930605233
0.005709914273465983
0.005923954730387777
0.005686788756866008
0.005423014599946327
0.014345536398468538
0.00930061167862732
0.037243003139737996
0.03641465396620333
0.01798831143416464
0.011224413432646543
0.006573962990078144
0.0060657036281190815
0.006570327555527911
0.005342972306534648
0.007434220593422651
0.005301288705668412
0.005883295796229504
0.021728086504153907
0.009079569494351744
0.011111505944281817
0.006136669934494421
0.006374162041465752
0.006130789506714791
0.005214256208855659
0.007795139949885197
0.023459064828930423
0.011463138716062532
0.007817860976792872
0.006504136995063164
0.012430296476231888
0.027399899769807234
0.02434465978294611
0.015424314993433655
0.012298664969857782
0.009612571499310434
0.009246500143781304
0.009213414480909706
0.0071690379432402555
0.012560348820406943
0.006506697587901726
0.008060809175949544
0.005545002735452727
0.006518841348588466
0.010121016039629466
0.006079164348193444
0.005141866750782356
0.007064301158534363
0.016275603178073653
0.011290755156660453
0.012186604209709913
0.00856352357310243
0.010765939724515193
0.008553914079675451
0.00574969888839405
0.015042793597094714
0.005951139081153087
0.005288154870504514
0.014057568666758016
0.010195397558854893
0.009656939092092216
0.011655810826923699
0.01265110437059775
0.00635976956342347
0.007387520973570645
0.0066246362589299675
0.008654431619215757
0.005389625302050263
0.0064239051885670055
0.008060206845402717
0.006098284418694675
0.007275390461436473
0.004661090245936066
0.05098885010345839
0.03001416479703039
0.04774849952198565
0.03688974848948419
0.02775292136706412
0.018382490146905184
0.014705797645729036
0.012225184375420212
0.011187955415807664
0.009557856152532622
0.007539737562183291
0.006576692789094523
0.060657167219324036
0.09614153049886226
0.06831715824082493
0.05932319652289152
0.05514635656028986
0.05150257831439376
0.04791918573901057
0.04482029877603054
0.04170223716646433
0.037541491519659756
0.034214037070050836
0.030417757136747242
0.028354117637500165
0.02603929951786995
0.024485291289165614
0.022971946904435755
0.025630457890219987
0.022512202439829706
0.019517612401396035
0.018550640512257813
0.01756360672414303
0.016877451562322676
0.016400701906532048
0.015394068327732385
0.014762261167634278
0.01404045474017039
0.013007815640885384
0.0117868892243132
0.011418570098467171
0.00955096522346139
0.027365262997336687
0.022874408224597572
