0.000448007581912734
0.00048800261448318067
0.000552691338755458
0.0006586823901585869
0.0008055961793658506
0.0010454963220046206
0.0013240689421823318
0.0018280389942838071
0.0022821410280455417
0.0025660961903914564
0.002812191446460827
0.003118217967082877
0.0036191096089815146
0.004131113650265289
0.004440907720219623
0.0049194716288116285
0.005667672099798012
0.006314391137272659
0.006810997428087448
0.0074391246503480125
0.008320510553339688
0.009117359832412276
0.010104046993079447
0.011165367554172561
0.01254854799426709
0.014208913001745382
