0.00011532280327161043
0.000125604574339666
0.0001368050979453133
0.0001454010640440871
0.00016073928487611033
0.0001854678343181285
0.00022068876016895377
0.0002651021810744959
0.0003194335413779563
0.0003728392415570648
0.0004362931415067646
0.0005183831075827643
0.000602364040507008
0.0007005732552889326
0.0007737722103951812
0.000850295310088751
0.0009372104028001575
0.00101281790775149
0.0010766197266884009
0.0011217801314321668
0.0012480915159859616
0.0013039623433125649
0.0014136440791657507
0.0015999496449057066
0.0015131848972784704
0.0016567019928490447
0.0017225899851650312
0.0018408135048583777
0.002102753023179596
0.0020900714094478586
0.002304874973373801
0.0024157383674472815
0.0025806278285459465
0.002628674989329024
0.0029140261429466447
0.003517498089507588
0.0032378518012804894
0.003443316792063937
0.0037584407657611173
0.004203139802127658
0.004033613939134178
0.004651737363495489
0.005041818067575065
0.005122857354091759
0.0055902029690115115
0.0061766780683309465
0.007086552665394809
0.007536661490214832
0.007442992232809557
0.007534473389169532
0.007209289000830918
0.007178780148959083
0.007182463733740499
0.007181643135192865
0.00696524017584014
0.006877048652636531
0.007058523260231052
0.007204071378169982
0.006882295220824846
0.007001720120799597
0.006826601150036554
0.0068434365637704865
0.006880543413397934
0.006788661113774804
0.006924170643857149
0.006795558750968879
0.00692047103347309
0.006883739369212014
0.006737324256867727
0.006820607771574755
0.006633603485697167
0.006693482668809245
0.007345845835788228
0.006598980387968716
0.006539310397205996
0.006724437719393766
0.006570225437911593
0.006668195960756009
0.006784013225522902
0.006629702546981938
0.006693324475074796
0.006421894345336777
0.0068250900002797005
0.0065489201229849015
0.006665304144866172
0.00674419362363449
0.006492332599961382
0.006365279770438847
0.006507211327813914
0.0068388185855523444
0.0065469697104749555
0.006484909771906786
0.006398170753969663
0.006410972848991541
0.00658925762236832
0.0065257698253980865
0.006459826104142747
0.0063595909067151075
0.006535913663041543
0.006314631689135333
0.006481787540175229
0.006581100812573508
0.006420687548206927
0.006490839298740551
0.006348045840946452
0.006350372709599367
0.006305561229046956
0.006179426687662968
0.006257847311610582
0.006340923571140967
0.006370830536759067
0.006506998128927896
0.006272797035945527
0.006438749960937024
0.006285327018856584
0.006412853376948597
0.0063341304890498105
0.006247048967443929
0.006380322111866254
0.006329768992281545
0.006333394640312469
0.006280086583688542
0.006292902151879933
0.006227439236783675
0.006344285039622859
0.0062269856522260145
0.006557401338761899
0.006263741440026559
0.00623231387053068
0.006266475009958251
0.006176236886357035
0.006371244711466308
0.006290077786701166
0.006037911846820334
0.006026499885108287
0.0063208474246698
0.006208192884582573
0.006055169791596829
0.006250410824883555
0.006548274544537694
0.006212024643764805
0.006166635415186044
0.006143042348786562
0.006220425975239165
0.00614459994553684
0.006364104378790046
0.00606092726066491
0.006066838526341055
0.0060454479154312514
0.006218460355841807
0.006272023570915318
0.006026026705512777
0.0062753395370542826
0.006088567377616452
0.0065628865703278895
0.006109129416617069
0.006042783296553888
0.0060171188566851145
0.006068399708574446
0.0062183583325001405
0.005986311987573368
0.006030003269307455
0.006135951667245059
0.006001952384700825
0.005941018431717269
0.006051483864909056
0.005969291921187123
0.00612386091335929
0.006036162959568411
0.0060233868850029515
0.006067215038787695
0.005939953198338746
0.006107084651120773
0.005784907448975909
0.006445339790036223
0.00595348886492723
0.005840508114964327
0.006029059951058719
0.006057864643914068
0.006035415120596919
0.0060186307734775004
0.005881442062809158
0.005806149855021074
0.005925933789096285
0.0057795932527335584
0.005998888203687096
0.006037435129341434
0.005904112163513342
0.005888746976830657
0.005869290669596641
0.005831819152237552
0.0059285305234251075
0.0057696306579702785
0.005743819186638031
0.005877214921290211
0.0060763533388168735
0.005778218445446447
0.005920704932900789
0.005899975176413204
0.0057396354897939995
0.005720349996476913
0.005869437738051899
0.005926814492221782
0.005711508279440002
0.0058803777213134395
0.005823259377878194
0.006028494003411627
0.005742714992750471
0.005827513739366572
0.005778263590927453
0.005765254288328655
0.005863403078390581
0.0058261922339769515
0.005727080869810464
0.005735718265445642
0.005746924213925812
0.005752026867208497
0.005822668053322933
0.005779160634357761
0.005694758345016113
0.005692239342122469
0.00579599054012378
0.0058079182842711565
0.005771181701190735
0.005665490294972034
0.005651162594293514
0.005738800756032709
0.005781775451413243
0.005737024952905584
0.005653069669567919
0.005621958322709896
0.0056074835005364265
0.005596855236978975
0.0056788684217102614
0.005564353205742332
0.005693138899090134
0.005685892153561777
0.005660763624011077
0.005574677613341885
0.005598468452237251
0.005634389677363509
0.00568507162573373
0.005681265965887458
0.005573221454592683
0.005664307194344143
0.005534430533847728
0.005511252903684138
0.005633246628502297
0.005497065569691917
0.005613062037350871
0.005548716064707907
0.005537193890869896
0.005602225195616484
0.005453283991011852
0.005710789722729927
0.005421020770576025
0.005567388777690722
0.005352723633078423
0.005627412857078712
0.0054596314276351
0.005597867132556215
0.005484654685095057
0.005485003670486056
0.0054173578875940116
0.00554895018462405
0.005436929423692767
0.005427884684862551
0.00528128392271976
0.005345577143446029
0.005384555556506754
0.005366409902469577
0.0054204802417248555
0.005337968981111091
0.005525905505109961
0.005523803683050046
0.005254897582192392
0.005283807810160949
0.00526515830299495
0.005333224728172558
0.0053674241709609945
0.0052816931448798525
0.005156195330298636
0.005350964568189789
0.005263064799190577
0.005212691512446258
0.005238490266220592
0.005258744608645684
0.005217470324415469
0.0054020758720428165
0.005292041297941077
0.005148345447323834
0.005166355296360137
0.0051153594982662354
0.004972549603607888
0.004932359482213924
0.005377979914844906
0.0050204611164691776
0.004962172910296924
0.004851226394595665
0.005157453456249471
0.004928343873318703
0.0050990648489341005
0.005131740550071036
0.004981398821273105
0.004826088114989765
0.004804617856959943
0.005035582744890702
0.004916565692940048
0.004874798349022134
0.004925209971223131
0.005026028321829633
0.004930473122066844
0.004766236113767339
0.004845444705428677
0.004797828137857196
0.004818368257049506
0.005005410789712289
0.0046623485939681665
0.004931908716647842
0.0047842123682793475
0.004754465502016594
0.004590697073003399
0.004768070971014448
0.0046785065129608195
0.0046934753375684965
0.004523932186355727
0.004600593218281778
0.00481484847732985
0.004535176598131831
0.004522589413953997
0.004552374423098551
0.004582783897629303
0.004672236299951709
0.004501463995515325
0.004386681215794078
0.004416314672861492
0.004408886037096729
0.004519000338286022
0.004449080297218583
0.004293603179584667
0.004532213232514805
0.004554964381674844
0.0042765342734349355
0.004201074366927774
0.004449744283430557
0.004294687532547809
0.004425324817845232
0.00425691701576253
0.004274261866752754
0.004329734968748292
0.004246359755215453
0.004272314952686429
0.004287857462752123
0.00422857439789538
0.004096781035284642
0.004165269751058212
0.0044480268527953845
0.003989471689467188
0.004012341316241039
0.00411468696732631
0.004031730290267303
0.0040872739132920225
0.003997055567239594
0.004037963877057778
0.00403046627609477
0.003897128749103503
0.0038880058145368142
0.0039445514563323115
0.0038921066296556703
0.0038851145546117396
0.0039334882499006026
0.004055577350419154
0.003948950580817377
0.0038251165848956488
0.003891515224588878
0.003835755363367846
0.0038432488908825843
0.003928700915133041
0.0036594057678697614
0.0038577023791323338
0.0036981422182120315
0.004044807388743159
0.004031667017995893
0.0038527498357911884
0.00367406855128427
0.0038739212181540987
0.0038397129245372227
0.003698405588293779
0.003682248466256484
0.00380350409726238
0.0038565977250234547
0.0036714508320056945
0.003672420728851597
0.003781555052525712
0.003546817215686124
0.0035816517910946194
0.0034862579073360904
0.0035381144237439104
0.0038435760021610097
0.0035174633501419608
0.003563995588414162
0.0036107282585107555
0.00338159845521778
0.00354789144187626
0.0036611714069600975
0.0036629917699556413
0.003461844181189331
0.0033054519281505005
0.0032960777236235752
0.003457615025250119
0.0034568380302244747
0.0039031257679920956
0.0034015101008552395
0.003646175163280149
0.004560172482215251
0.003386093476008206
0.003380600899669002
0.0032872701217159283
0.0035878701182299895
0.003388453854865908
0.003397024086476347
0.0032645984787807287
0.0031745043554926447
0.00315710241203501
0.0033473679948180356
0.003372057623917533
0.0033516126715308317
0.0034404611155155734
0.003340101335197687
0.003493983348043827
0.003336214911949899
0.0032634122632269826
0.0031449369575924056
0.0033121178330305233
0.0031793856776806866
0.003076561173384957
0.0034769238805111113
0.0031819287094583507
0.003170340264294401
0.003149823182279888
0.00330543541621469
0.0034209095609644166
0.0033533623785859793
0.00315975193391232
0.003303816779211999
0.003455460228778805
0.0032370429764562677
0.0038986442546429826
0.0032075846020489167
0.0032331641920119803
0.0032415780136535797
0.002924028019721089
0.0030711610645390874
0.0029275470764689566
0.0035213983310908776
0.0030637569192396566
0.003252260609982518
0.003287867523259788
0.0031964606872028627
0.004124691672884276
0.0029395548751899783
0.003763709648971437
0.003056018869229375
0.003094332224676368
0.0028902890082344273
0.002858578403443359
0.0029908571823143233
0.0029014605494590354
0.00306340203692301
0.0030084301028879376
0.0030113388452391687
0.0032703487423387852
0.0028322560861750255
0.003103739833328699
0.0028433252607959663
0.002818519073575474
0.0031027759900795313
0.0033580176722667414
0.0027502958032315614
0.002889195846330601
0.0028577358015839044
0.002816166017731112
0.002869763264158375
0.0035201082262863344
0.0031075521429922326
0.0031259725581327994
0.0029763586984546944
0.0027464720764345378
0.003106103516967149
0.002924382150778112
0.002755231073313332
0.0028043666067881353
0.0027129237733729116
0.002907921233438565
0.0026791393142150035
0.0030476873981000454
0.0028623875173975095
0.00307832820347519
0.0026381099689099068
0.0029444179800121443
