0.016437563812360168
0.022850176487118005
0.03157727133482695
0.04362037993967533
0.05497127719223499
0.054286912120878696
0.05252889033406973
0.051425456181168554
0.051727267242968084
0.045138006173074244
0.04134380999952555
0.03763432683423162
0.03260146517306566
0.029585334751755
0.027900661267340185
0.027063175309449433
0.025774816554039716
0.02522227469831705
0.02422872083261609
0.023595877327024936
0.02331143952906132
0.022679937183856965
0.02246878230944276
0.021770660923793914
0.021660587284713984
0.02109799616970122
0.020997515907511116
0.020853099580854177
0.020733467964455486
0.020364098381251097
0.020361434342339634
0.02022790092974901
0.01995826721191406
0.019986423039808868
0.01982827119529247
0.019518801998347043
0.019408435644581914
0.019389100074768066
0.01920702147297561
0.019473140826448798
0.01900484590791166
0.018952309852465987
0.019047772912308573
0.018890853645280002
0.01879787410609424
0.0186263916362077
0.01862141107209027
0.018461007354781032
0.01828569419682026
0.018440931979566814
0.018232570923864842
0.01811043662019074
0.01817670153453946
0.018054762966930867
0.017920443201437593
0.018110163584351538
0.01790567551739514
0.017828751020133496
0.01770948833785951
0.01760460919700563
0.017502580238506198
0.017394657926633954
0.01732227892614901
0.01727657750248909
0.017268974501639604
0.017496710857376457
0.01712116064503789
0.017259127190336586
0.01726509114727378
0.017051900364458562
0.017049729255959392
0.016897262865677477
0.016703216498717664
0.017055706530809404
0.01648996729403734
0.016564742624759675
0.016763385105878114
0.01648625669069588
0.016660172119736673
0.016378036895766855
0.016403653845191
0.01614006021991372
0.015958674531430007
0.01613105378113687
0.015823443196713926
0.015995423989370466
0.015826313756406307
0.015747063821181656
0.015632025003433227
0.01567512344568968
0.015457968134433031
0.015267416657879949
0.015471811704337597
0.015198699338361621
0.01519065571948886
0.0153456318564713
0.015068945530802012
0.015113100046291947
0.015140896989032626
0.015088907778263091
0.015343977343291045
0.014866972332820296
0.015027464600279927
0.015105829266831279
0.014685961352661252
0.014888520315289498
0.014715017406269909
0.014939489550888538
0.014663378493860364
0.014759738743305207
0.014857963286340236
0.014875403661280871
0.014639243027195334
0.014494801042601466
0.014559251628816128
0.014401176506653427
0.014649129854515195
0.014530691280961038
0.014293790552765131
0.014360520346090198
0.01464082570746541
0.01434647778980434
0.014608130347914994
0.014482643734663726
0.01435978101566434
0.014296382619068026
0.014338574754074216
0.014175648456439377
0.014303842103108763
0.01433094399049878
0.014301091488450766
0.014478373164311052
0.014307607817463576
0.014016634849831462
0.014093309473246336
0.014306903388351201
0.014134264783933759
0.014022301556542516
0.014299812307581306
0.014203494563698769
0.014152509132400156
0.014465211564674974
0.014104958502575754
0.014339965116232634
0.014189714808017015
0.014119864599779248
0.01403878778219223
0.014165365844964981
0.014164895182475448
0.013894739309325815
0.013848155895248055
0.013985156714916229
0.014205843340605498
0.013927135467529297
0.01371559951454401
0.01374545868486166
0.014049341464415192
0.013729005260393024
0.013847607299685477
0.013778256736695766
0.013895875560119748
0.013725089225918054
0.013930636355653406
0.013682269202545285
0.013767843218520284
0.013877261849120259
0.013945177514106035
0.013723039925098419
0.013719312669709325
0.013659096481278539
0.013756300034001469
0.013582678344100714
0.013522816514596343
0.013634681515395642
0.013596871546469628
0.013677224246785046
0.014194074161350727
0.013611095706000925
0.013626859420910478
0.013629880994558334
0.013721499685198068
0.013521417425945401
0.013375044018030167
0.013267841394990683
0.013338677696883678
0.013470519622787834
0.013370383991859853
0.013402666784822942
0.013323947032913565
0.013555009150877595
0.013543727435171604
0.01324102643877268
0.01345551828853786
0.013407775722444058
0.013469153409823775
0.013485171347856522
0.013380394461564719
0.013338654059916735
0.013299523498862981
0.013292345311492681
