0.016627636663615705
0.022908305898308754
0.031641739830374715
0.042865905985236166
0.05239898763597012
0.04975158024579287
0.04671675782650709
0.043140960820019246
0.03695872588083148
0.029905463326722382
0.025950188003480434
0.02461033361032605
0.02365777837112546
0.023012839984148742
0.022398999463766812
0.022125128954648972
0.021793834473937748
0.02162849359214306
0.021660165581852197
0.02108553531579673
0.02103918505832553
0.02076377810910344
0.02055543757043779
0.02025802567601204
0.020005547711625694
0.01982825812883675
0.019622689792886377
0.019563686102628708
0.019458048176020384
0.01950626223348081
0.01914272429421544
0.01898285496979952
0.018811644334346057
0.018800522722303866
0.018759663505479692
0.01866753987967968
0.018586198268458247
0.018534149806946516
0.018310472620651125
0.018362036077305674
0.018308556508272886
0.018264368325471878
0.01813644589856267
0.017992762755602597
0.018034580927342177
0.018069786773994564
0.01801319032907486
0.018018551738932728
0.017755976794287563
0.017839595684781672
0.01800764841027558
0.01771534570492804
0.017719975067302586
0.017547403126955033
0.01754397074691951
0.017383713256567717
0.017344166208058596
0.017477797465398907
0.017186957215890288
0.017143280478194356
0.017236643033102156
0.0168936703260988
0.01707017308101058
0.017010358376428485
0.016899248948320747
0.016903802743181585
0.01691705054603517
0.016940560815855862
0.01684876416809857
0.016751583497971297
0.01667483422905207
0.016712128883227706
0.016531005566939712
0.016854007141664625
0.016454046508297324
0.01656205707229674
0.01641670155338943
0.016545063937082886
0.016486188266426324
0.016240500714629888
0.016239057052880524
0.016070705000311138
0.01640077568590641
0.016170531008392573
0.016075238874182104
0.016132337879389523
0.01598946644924581
0.01587653231807053
0.01618115202523768
0.015841170167550444
0.015973898582160473
0.016023939270526172
0.015801850939169526
0.015811576545238494
0.01563358461484313
0.015610783565789462
0.015660085510462524
0.015822046808898448
0.015661087352782488
0.015743036279454826
0.01538755400106311
0.015397919183596969
0.015316061414778233
0.015506027089431882
0.015392413521185517
0.0152711595967412
0.01508349078707397
0.015333743467926979
0.015170644260942936
0.01498623451218009
0.015057360185310245
0.014909553080797196
0.015100570702925325
0.015300516290590167
0.014680570010095834
0.014866801081225275
0.014763901084661484
0.014683415619656444
0.014592698002234101
0.014516401188448071
0.014412854425609111
0.014559879833832383
0.014796086745336652
0.014592317612841726
0.014251299314200877
0.01452404142357409
0.014638295834884048
0.01414148316718638
0.014250555438920856
0.01448105251416564
0.014134930158033967
0.013988394718617202
0.013968139700591565
0.014065422015264631
0.013777486504986882
0.013832085570320486
0.014014938268810511
0.013709727888926864
0.013743255883455277
0.013809517184272408
0.013926647733896971
0.013582488037645817
0.013615937093272806
0.0135899307904765
0.013452486908063293
0.01327687301672995
0.013493043556809425
0.013264738982543349
0.013180072205141186
0.013391713872551917
0.013284523636102677
0.013415273306891322
0.013088807659223677
0.01322116794064641
0.012851988663896918
0.013278644313104451
0.012957536140456796
0.013090348336845636
0.013296446218155324
0.012860616752877831
0.013029597280547024
0.013187269233167171
0.01276873517781496
0.012706692861393094
0.01261462649796158
0.012551307948306202
0.012585619119927288
0.012617212524637579
0.014413885693065821
0.013010019762441516
0.012299718810245394
0.012638602098450065
0.012761077508330346
0.013790781372226774
0.012572758933529257
0.012226152028888463
0.012054012552835048
0.012229174845851959
0.011936634955927729
0.012074670875445009
0.012217408516444267
0.011878552143462002
0.011865401086397468
0.012502340776845812
0.011932813180610537
0.011700394693762065
0.011704022572375834
0.011714621265418827
0.012518681325018407
0.011954359272494912
0.012454898497089743
0.0116562534077093
0.01302108216099441
0.01144630515947938
0.011334341559559107
0.011351978546008468
0.01153649010695517
0.01168691735714674
0.011380207780748606
0.011171169462613761
0.010970957120880484
0.010861387220211327
0.01300125492271036
0.011010881373658776
0.010918289627879859
0.011279853712767362
0.011532239830121398
0.01174077826552093
0.017951383013278244
0.011983422194607556
0.01089579998049885
0.010505288052372634
0.010967926876619459
0.01083480375353247
0.01046626465395093
0.010330638471059502
0.010283711338415743
0.01059522243682295
0.010506779458373784
0.01033432962372899
0.010556240542791783
0.0105577163817361
0.010185371492989361
0.0102387666516006
0.012533665504306554
0.009931519976817071
0.009708758466877044
0.011622344329953193
0.010230752858333289
0.012959476788528263
0.010880575724877417
0.01004941262304783
0.010404203180223703
0.010579440207220615
0.014387723356485367
0.00999243026599288
0.014401351907290518
0.010406474894843996
0.009779808660969138
0.010068613714538514
0.009284985465928913
0.009790457650087774
0.009389961678534746
0.009329106961376964
0.015724278027191757
0.010455493414774537
0.010419941060245037
0.009168251221999525
0.009190814872272312
0.016388435252010822
0.009795101461932063
0.00984551223460585
0.019632009537890554
0.01228204081300646
0.009025502521544694
0.008785631824284792
0.00892064804211259
0.008862322787754237
0.009608671395108103
0.010370927974581718
0.010116994078271092
0.00902795712929219
0.010719056129455567
0.008679264630191029
0.008918958804570139
0.012552496800199152
0.009522582138888538
0.008567424393258988
0.008555487212724984
0.017207374018616974
0.01054218212608248
0.010853071140591055
0.00859232467599213
0.00827809258364141
0.016779940808191895
0.008919555353932082
0.009498643288388849
0.00848435290157795
0.00834842714946717
0.009188587386161089
0.008256054145749658
0.008698737258091569
0.008471211502328515
0.008996112146414817
0.008408505637198686
0.007854024921543896
0.007948408864904196
0.013572806147858501
0.013037669132463634
0.009073598552495241
0.0078340270742774
0.0429411911778152
0.03520807074382901
0.01786365990526974
0.010179207809269428
0.009084183354862035
0.008217579962220042
0.00836665317416191
0.007772259237244725
0.00789070176659152
0.00790573402773589
0.00777687125839293
0.008606309436727315
0.008108564452268183
0.007716420241631567
0.007758146352134645
0.00885014645755291
0.007871977142058314
0.007611323858145625
0.015394942099228502
0.007710810485295951
0.007327890272717923
0.008282118898350746
0.009093852352816612
0.007037912926170975
0.007188840422313661
0.0078111496591009195
0.00971014927374199
0.013510321658104658
0.008696564114652574
0.008776792441494763
0.008609251694288104
0.010074053665157408
0.007525610318407416
0.007735477928072214
0.012422377208713442
0.007620365871116519
0.01616163639118895
0.013204668601974844
0.008889110139571131
0.007479052902199328
0.0067052201926708225
0.0070261471415869895
0.0069113335222937165
0.01834453201154247
0.029387709870934486
0.017942649945616722
0.013359767221845686
0.010642983498983086
0.009690707954578102
0.007980976342223585
0.007549153426662087
0.007273372965864837
0.00695398811949417
0.006981783462688327
0.006684960785787552
0.007100174932274967
0.01269073405303061
0.0068141783517785375
0.006677765296772122
0.008279595023486764
0.019365865988656878
0.008913959171622991
0.00847185199847445
0.009910411920864136
0.006818569796159864
0.011817717065569014
0.012249148341361434
0.007370206534396857
0.007135241306386888
0.0070802726433612405
0.010212928634136914
0.007027391660958528
0.009028131447266788
0.006734310230240226
0.006793190992902964
0.0066565018286928535
0.0073131002229638396
0.007031541056931019
0.007493094771634787
0.0063588659395463765
0.006998542132787406
0.006857214388437569
0.006567878653295338
0.011115349994506687
0.007772292110603303
0.006825735841412097
0.006672194430138916
0.006525840607937425
0.006313900968525559
0.006204580997582525
0.007147458174731582
0.03586096020648256
0.01698971916921437
0.014696516981348395
0.011468265000730752
0.037716147499158977
0.015456912619993091
0.008211327353492379
0.008998332037590444
0.006694898065179586
0.00775144763989374
0.0072513304697349665
0.0063084096601232886
0.006371980702970177
0.007579755943734199
0.007357211518101394
0.009326477004215121
0.006300491897854954
0.0067571045365184546
