0.0007250876188774323
0.00019700026008241732
0.0002112523793372343
0.00024005459789099676
0.0002816634471762151
0.0003372725637474045
0.0003984684157772773
0.00047456566074364776
0.0005485200248092901
0.0006127230982567079
0.0006888905926618429
0.0007741158495213244
0.0008639134393208529
0.0009632178104349855
0.0010691514515065563
0.0011955411056443945
0.0012653208808009468
0.001324323453955683
0.0012130911913390324
0.0012218715156815843
0.0012437779400345356
0.0013158311156194796
0.0015068962347528367
0.0015420104294284202
0.0015607665409334004
0.0016332658517194006
0.0018655983660431038
0.0019631152991618894
0.002026836521092315
0.0022015174226313132
0.0025306913058412758
0.0024733831687116666
0.002755807909056997
0.0030623695826175333
0.003389954318349015
0.0034351209684483986
0.003893568334996561
0.0038840024276183935
0.004487892221137185
0.004893722220989832
0.005834564777139018
0.006786803013175099
0.007245377210952411
0.007506349248589652
0.009340910769772724
0.009516391007743218
0.010266308755413673
0.011034397384430343
0.010735403672382932
0.010641572716271627
0.01054490484715065
0.010472148672077004
0.010488653266106113
0.010277329655755833
0.010050875715754717
0.01049114801816503
0.010350077576221568
0.010361514648283335
0.010225983247352398
0.009803407183613316
0.009883333487157649
0.009833460352731712
0.00983462739674914
0.009698410553283224
0.009572837836866346
0.009563258838204441
0.009611448061991936
0.009656240843741275
0.009710306758670328
0.009495704043134351
0.009602522778881836
0.009447822650833595
0.009383169344460991
0.009452106863060078
0.009463433504853154
0.00946262529311336
0.009332787336903476
0.009282674076836382
0.009392547836770938
0.009461653421014965
0.009344564124106247
0.00910269538871944
0.009154837693862408
0.00939854727644543
0.009121883191629617
0.00913293370824725
0.00916700454420088
0.009090267360062451
0.009389421397767892
0.009081491895855586
0.009161637956711733
0.009162325073668959
0.009085281424563831
0.008929279624162434
0.009023881249704232
0.008850448478718296
0.00904559438708717
0.008851789018557033
0.008862281814391646
0.00890080435810802
0.008840958798896069
0.008890945782066784
0.008760090991332431
0.008827127979754984
0.008873365116610287
0.008744676257962379
0.008871476995001468
0.008856885315780745
0.009098605537856711
0.008934426560963148
0.00875335563600899
0.008744943976210796
0.008812125084625783
0.008955699837740475
0.008594374203941324
0.008740862017654092
0.008907575140681082
0.008860956999325306
0.00869893132835174
0.008807596013985713
0.008774504113385331
0.008819443815622791
0.008697500462191197
0.008495417857111788
0.008742586519160073
0.008720141807222895
0.008681743017345598
0.008578849455916157
0.008658426849685052
0.008444383385739176
0.008580592529473949
0.008475746728793204
0.008508606723544544
0.00853495663858811
0.008436397007431522
0.008816916874183393
0.00854844762943685
0.00867265302069903
0.008443863418336226
0.008392133212552588
0.00846920665310017
0.008376510119692327
0.00864271080626227
0.008539136335967439
0.008271212429548048
0.008400353748856164
0.008288702720811015
0.008249691147879462
0.008302306501786703
0.008543070519961
0.008263281269094725
0.0082188640943093
0.008522415810012233
0.008209751914559959
0.008152042134778104
0.008167089109970518
0.008035883226945439
0.008014198033591715
0.008091074650645883
0.008197643686407985
0.007940945323234616
0.008133870005503158
0.007876815131830627
0.007746779848386264
0.007693218279447162
0.007776286014547206
0.0077462486953204755
0.007715309255269017
0.007892029827773988
0.007613862283684522
0.00781212205058573
0.007617067160502633
0.007681189779470736
0.007456269402439906
0.007500129303607707
0.00741773958222192
0.00740316336230314
0.007475435749027077
0.007375376467662646
0.007821608173756678
0.007279639270496076
0.007678496942933754
0.007416214122628427
0.007300182389286912
0.007472726179147574
0.007335521611515607
0.007474978003981654
0.007321443302104267
0.00713140725497609
0.007234734279608406
0.007229001538732272
0.007011148256084351
0.006969912119087911
0.006937925249042216
0.006914402191770899
0.006931824226663491
0.006953119843214681
0.006981816700938219
0.006838328159625303
0.0070483057006810595
0.007035864633508027
0.006809399741762709
0.006775171308839154
0.006932581327725028
0.006944231339730322
0.006574978759277299
0.006628962034559765
0.006809678524906669
0.006845858962074897
0.006753229865778203
0.0068144194061528435
0.006544778998244867
0.006550371082212393
0.006578507561184397
0.006303806713059823
0.0065232535201847274
0.006361999122478137
0.006182477924816102
0.006204211862461868
0.006318050128773342
0.006150520495878898
0.0060010129590214135
0.006217894354339028
0.005949984951963143
0.00610879521107597
0.006058208513830867
0.0057877027201161625
0.005947391573278773
0.005746218063607464
0.005944979492418259
0.005679881467840799
0.0056124229743537086
0.005636913365701857
0.005910037354148368
0.005636024233345464
0.0055985825329966776
0.0055515149403711625
0.005812616529221708
0.005727383420175969
0.005303447943172095
0.005274043918944129
0.005507077658374872
0.005331600696353294
0.005131736684973551
0.005098967626908463
0.005152110019089462
0.005487727698713332
0.005095598464135394
0.00504690849888095
0.00521247875310968
0.004883604424474674
0.005158506663490052
0.00491291072075995
0.005052297474015678
0.004930163506270499
0.004809645548567315
0.004939726856319565
0.004926100395028001
0.004771947300401038
0.004764504837324825
0.00488098217152651
0.00479128538406776
0.004723585186804706
0.004589569894161737
0.004729560690618633
0.00485082666246029
0.004879763652352947
0.00454096850083932
0.004549628451127106
0.004513954377089078
0.004739307428527379
0.0045174518001709725
0.004562521515475046
0.004749691950496739
0.004314649571603704
0.004455087301713005
0.004376803277817633
0.004775032527292165
0.004157934717564173
0.0042600998607089866
0.004246157172971588
0.00420216233447786
0.004139689600234416
0.004153851886436552
0.004026846008192504
0.004334667878155814
0.003945173181062477
0.003884640153471346
0.004036149027470117
0.003936830911324055
0.004411203298221612
0.004009342794284817
0.00398606623231355
0.004033964979201207
0.0038373248867046472
0.003980816023154445
0.0039680394513758824
0.0039357133362024465
0.003809128943439051
0.004338093419672452
0.004270545641073487
0.0037758465286205026
0.0035963489624528024
0.003807334046023158
0.00387762763285052
0.0038626442247757984
0.003539810644758639
0.0035587569761795002
0.004393362127914677
0.003948899601786354
0.0036376541247591376
0.005434167253671684
0.003883579825312247
0.0036128136159625846
0.003538733132827644
0.0035060399166247417
0.0036078615948583964
0.0034563930669285915
0.003628233246392109
0.003528375144847712
0.0034600629783496607
0.004949218754016872
0.0033274568017859396
0.0033061898043640304
0.0033642648769298864
0.0036366486445365246
0.003289500188308759
0.0032532921302454356
0.003584518537978494
0.003337047261917076
0.003511377892056567
0.003430102958896624
0.0034011835395576103
0.0033164345838834542
0.0034029145788175065
0.0036580740407796872
0.003650394252014007
0.003461326998506159
0.003330422860187278
0.0032637090390661263
0.003505407490388917
0.003211677666844922
0.003308685603616846
0.003148512406139765
0.003261584660721612
0.003183321532832511
0.0032564085722187205
0.003711285615757665
0.0033775980847617873
0.0033213615490376045
0.003124710386749531
0.0031600688278422663
0.0034093973569563267
0.0031409392782887355
0.003248472399378596
0.0031242018802718164
0.0034470473982994316
0.003145347950462182
0.003057833783824658
0.003003656673767369
0.0030836340450142103
0.00297122698105332
0.0034034296388250436
0.003249109507795145
0.0031335797197855663
0.0030843310436738706
0.002832685505849457
0.0031215865154115255
0.0029924442381249897
0.0031006046599125333
0.0030330728253166878
0.003235901899583568
0.003178231145046373
0.0030952914428644786
0.003204823526005461
0.0033441973903442722
0.002930115188676516
0.0030305033841248707
0.0029213524360436004
0.003453012141856043
0.0033224251999293465
0.0028857151291193876
0.003118512689061985
0.0033260166577594443
0.0030957616729091714
0.0031087615698027625
0.002868562589168862
0.00308697831014032
0.0031287689480025355
0.002830437755007645
0.003244017616401766
0.0030517405155767625
0.002836886310849826
0.0029978316732046898
0.0029629811543370726
0.0027791012756343686
0.002985718709016306
0.002969893238998984
0.0028814703188553697
0.0031076827484713956
0.003223361331038177
0.002770741487022002
0.003986791982293721
0.0028098834037702425
0.0028712400066596673
0.0029439975585892936
0.003023163944256501
0.0038109584483013393
0.002981166820973158
0.002817900169740875
0.0029241161151118923
0.0026777073671327574
0.0027215819132392445
0.0027205085389481456
0.0029980889614018673
0.002779189979757626
0.0028640227936312696
0.003219590701867835
0.0029450735130573612
0.0028159569983727466
0.0026793611349067957
0.0027458557541369
0.002855828944452229
0.0027647831892838406
0.0032720627659218056
0.003149067319899136
0.002842454112430808
0.002592094620650582
0.0027103072701992518
0.0027133524227478307
0.0026708421760856687
0.002909916661958271
0.002856693622247081
0.0026366188714202388
0.0025782915186920315
0.003084771078358465
0.002627124798823601
0.0028251875197366923
0.0027861221058067876
0.0031022253978309857
0.0027733554004987474
0.002628514084586369
0.0027305185076754506
0.0026799772276377707
0.0025845925697934964
0.0031132325247173833
0.002568615949168697
0.003223954801660936
0.00281582096217322
0.0025814759667971495
0.0024122117505034554
0.0028335731248066666
0.0024191040472806404
0.0025884453060375265
0.002517016203073071
0.002762265348911425
0.002338991590196737
0.0027767308170593857
0.002923598518991129
0.002444163724784435
0.0025049816092441433
0.002519827709254748
0.0024529736367746246
0.0035463819039820163
0.0026657296449085262
0.0025848075230692938
0.003330937509477208
0.002572858224135484
0.002320101159346229
0.0024259942328061245
0.004338068449673913
0.002730574648692403
0.002408780603643472
0.002431507024611564
0.0023224820147886454
0.0026263110105722936
0.002356793758650876
0.002497933890124365
0.002432003721734074
0.002644716744054387
0.002347406436184369
0.0023334892039626803
0.0021870085119844247
0.002199207121401886
0.0025227020832461907
0.0025711632790653225
0.0022625575787561867
0.0026355621042643963
0.002437671799066903
0.0023109082994268878
0.0023098579405537137
0.002583323705889215
0.002719509060098572
0.0024213736537391337
0.0022057422385638073
0.0022745849597311327
0.0021507605403296164
0.0023874043357541143
0.0027356918794581683
0.0025605083009114958
