0.16103903543874273
0.01243183766187073
0.004447766015562881
0.002880738258783958
0.0022395869372107925
0.0019425909969494374
0.001792164534661118
0.001711236926341847
0.0016730870307906244
0.0016466968140138366
0.0016462190409090858
0.0016557955956652273
0.0016702276509838335
0.0016928808864262652
0.001717942369999538
0.0017774580887009643
0.0018061978103827998
0.001848737036164145
0.001908214894726124
0.0019357532305505874
0.0019736341119169424
0.0019953817278190265
0.0020173895933010364
0.0020273385994314763
0.0020924186193662757
0.002028281570882232
0.0020172868667074663
0.001998831372883249
0.0019942019752196304
0.002026364799408312
0.002065193236350717
0.002056270346282677
0.002113272253996214
0.001971515964240132
0.002102679154937913
0.0025058402391542273
0.0022736963830675026
0.002094706147664366
0.0024663768918144684
0.002043002384614687
0.0021250376273294755
0.0020199316685962725
0.0022030711904598974
0.0025802894536771366
0.002434553523280301
0.002630692046618733
0.0030369747976258955
0.0033268111803629826
0.002757931801476342
0.0034993542137960513
0.003214626361411413
0.0026638685277103943
0.0025019180315229
0.002297258039633961
0.0025329002868449404
0.0027968254640467777
0.0021694862761395487
0.002308036237149978
0.002360662043412329
0.0020901653815004278
0.0025460033307056528
0.0031147698836975564
0.00307088803511361
0.0021415138728677285
0.0018902316958225706
0.002287871597082328
0.002164520364076282
0.0020091186985308216
0.002896744628147457
0.002279510765356038
0.001960460788289642
0.001958245744169298
0.004958523793970713
0.0021092957992729006
0.005028165887473325
0.0030840913426222402
0.002448782609029299
0.0022745384580660265
0.0020184793443447325
0.0019793890617356993
0.002799949362856623
0.0021643921313752967
0.0018591391161752204
0.002152937404168378
0.0020697291741347827
0.002281374386707582
0.005120497982444189
0.00295970446204932
0.002151131823334721
0.0017537590518548092
0.001783922208020481
0.0017317473161073454
0.001982373697900814
0.0020422054988889146
0.001924709433109813
0.0021171868505678792
0.0016940281410629766
0.0018111551482400152
0.001961688008692516
0.0016214422372694205
0.0015202701574835544
0.0025022451338253776
0.0019565149951317113
0.0015727075605074415
0.001474333501085813
0.002159108177276772
0.0015907535290293326
0.001633830877019867
0.0017843963160825824
0.0019046576953684546
0.0018016754488556462
0.0017273039361200878
0.0015866372159847588
0.00223063691312482
0.0013841619964245115
0.0014649010591141478
0.001797296605524433
0.0017573771477137283
0.0018932782775868235
0.0015886800685161987
0.0015810015605910567
0.0015133197241050417
0.001843786017238119
0.0018156006836787162
0.0018321008007499068
0.005278728942595701
0.0031095874848314255
0.002154016460914374
0.0019947968983139285
0.0017998359262917157
0.0016544309998786286
0.0012282139964937015
0.0012605122247575913
0.0013666904667962482
0.00145005959450054
0.0017108262313103356
0.0013444646174320951
0.0013052640684334143
0.0022257126213070964
0.0014513442506328242
0.002258895785399826
0.003100276459280454
0.00202559644522833
0.0013787753770680593
0.0015077121413958033
0.0015655335816271846
0.0012910056864150808
0.0014125423302719473
0.0011585415753037624
0.0011383147418464177
0.0012687442740740985
0.0011417715118411346
0.0012188780941036485
0.018679466079507094
0.010408174899345804
0.004769189753265024
0.00388267728016999
0.003553216141065426
0.00338570926546241
0.0031071070028973794
0.0028336842399673693
0.002806117734491007
0.0027076398482422178
0.002543519787973437
0.002303995166755081
0.001553485517620727
0.0014302793582335602
0.0013153363481897286
0.001309959818750498
0.001216083851933401
0.0012573439426062994
0.001244861440554644
0.0012082839614513687
0.0012397574210239173
0.001235844169076419
0.0012981440288789361
0.0012436102872831903
0.0010588200753075985
0.002190483514644928
0.0014814860022911872
0.0010744867342900677
0.0011449341050095672
0.001220109133670274
0.001830493520361058
0.0010439931490092982
0.0017876463289977548
0.0013921076932211546
0.0022221920548320235
0.0020398196698874715
0.005857547592245495
0.0014479564389683933
0.001199931196790084
0.0015521370981238939
0.0011559188730142157
0.0011318385810210484
0.0009953033988376009
0.0010250787657063245
0.001052596964604095
0.001261503035425661
0.0010890690638372571
0.0010836323079648732
0.0015647300387401934
0.001251156063109558
0.0011346324373615435
0.0012952844994730168
0.0013611893739146571
0.0014089031711957314
0.004316111253280732
0.0016809637027533691
0.001427004601010535
0.0012511740427488182
0.0010700997342703708
0.004478318302453687
0.011014335406492638
0.01616215103993488
0.0067045184534486975
0.005750647851561901
0.008718591904219797
0.0041561457654896465
0.0032185559633196655
0.0027332823863905793
0.002314481077629803
0.0017579548382124141
0.0016871013939184806
0.0015103296916953628
0.0014717455954175599
0.0013296021102050702
0.0019681487059999675
0.0012489243140705278
0.0012609899135428333
0.0011818643296779368
0.0010982422931549557
0.0011784206933307105
0.0010937781632925758
0.0012654336342081062
0.0010393743384760046
0.0010669590678462045
0.000994169694277954
0.0012137441188434278
0.0012687228694307905
0.0011429002588216617
0.0011261141362325854
0.0017012573201176666
0.001061755581962915
0.0009503293965799543
0.0010249727908396772
0.0009600920153881867
0.0010144654739616553
0.0028473297910597264
0.0012605998595190784
0.014470370458634831
0.010991124438435257
0.006648323459498515
0.00486265420619938
0.004027659409118068
0.003540313968034548
0.003262026815361857
0.003022302119725027
0.002907911567702872
0.0027804493373172865
0.0027009542362609984
0.0025418208311986457
0.002452966485392285
0.002153391996616167
0.0017441102789353719
0.0018060647550139088
0.0014654648961895363
0.001385732790809908
0.0013230895181839293
0.0012930226800571605
0.0012526508979934538
0.0012144154345967032
0.0012772893477350944
0.0013087233115057243
0.0010983003476807613
0.0011166860799633714
0.0010032534061291333
0.0014125086904599148
0.0015011438536191159
0.000996494008729748
0.001372258369152643
0.000989507904595034
0.0010496171145910988
0.001431934928541098
0.0010472774672486262
0.0012324359177510586
0.001200084996798128
0.001047978078115244
0.0010557715471226845
0.0013406808749461443
0.0010377382242831262
0.002410792515335156
0.0011174308142089502
0.0017475643839576134
0.00652393673940466
0.001589934604087949
0.0011136474644887113
0.0010453791021114807
0.001361527139235018
0.0009714173655967864
0.0009259726371013377
0.0012221314489953524
0.007943453450815614
0.0033383168417211867
0.0020675354062744946
0.0015697578592748147
0.001464464899182981
0.001443135977105812
0.0013061340409494223
0.0011784606746498007
0.004607356671993534
0.015315676815198543
0.004944204081341659
0.0029960814392886114
0.0022755040858967977
0.001646036083350898
0.0014380772908709977
0.0013874540707666566
0.001357150900424632
0.0010893710092782852
0.0012717537416545588
0.0010399600223281256
0.001014351863963486
0.000994796163340482
0.0011022376253842987
0.0010963950212881683
0.0008837874390176175
0.0009361924626701294
0.0008962791782714618
0.000923863868949887
0.001187090681040024
0.0009477469546798721
0.0010539364441250077
0.0010567480087863438
0.0009534385273718302
0.0010303555218767807
0.0009349147891451683
0.0009279198545818957
0.0009663100041575277
0.0009619899121440608
0.0009586837014322665
0.0010701010768545496
0.0018446599840508582
0.001937076797008201
0.0010157863690548306
0.0008218542753069261
0.0031860117316648592
0.0010136815389644388
0.0010130478555519377
0.0010569428592712496
0.0009229602164340806
0.0011390411836545583
0.0009709239117833829
0.0009601985317696795
0.0009884454806201447
0.0009375856785380029
0.0012610947528840957
0.0027075492953457306
0.0010583691253265907
0.0010392580886652136
0.0008165991253646039
0.0009981042873571306
0.0009597946953482134
0.0013770340655160042
0.0011242021564867512
0.001015203084840731
0.001168578859675941
0.0010495078593555612
0.0011127435622103599
0.0010067873392863391
0.011103964112067995
0.0034280146344860788
0.002632255526286741
0.0023675540993349175
0.0022341679635068195
0.0021539676101349522
0.0019161116328279741
0.001517076835022134
0.0011286321574839476
0.000966548993729303
0.0011093094934073982
0.0008944873636856101
0.0008026854153863964
0.0011174227226640873
0.0010589560023677605
0.0010581159322015576
0.0011111665795890127
0.0017972298252894587
0.0012583255514319743
0.0009308911951244635
0.00367036769133949
0.0021718810347809724
0.0010931912944793579
0.0009265229243716599
0.0010078050646736183
0.0010767490331031312
0.0009309243062395759
0.0010560125964024609
0.0013095213866805675
0.0010271640498545804
0.0009220934424834396
0.0008842335212469823
0.0009175470906960404
0.001336062180420175
0.0008061873130462237
0.0010020186935979045
0.0009242870494566649
0.0009852946893949602
0.0010361731309165186
0.001008762284353371
0.001040478156597754
0.0016344239989406577
0.0010051637345725871
0.0008770043967279745
0.0014079350916392423
0.0014941286325980212
0.0015098221493160318
0.0010241561076412343
0.0008196411904591684
0.0009230364181501704
0.0009721063019514136
0.0009478788053677809
0.0007963439866641502
0.0008661780646043639
0.000830724615145096
0.001172639009603691
0.0036001771195600177
0.0015334149529650442
0.0012312760039680925
0.0009050353219548771
0.0008497559695986587
0.0008513962095995025
0.0010162797070989084
0.0008737547559066345
0.0010474175326966803
0.0010763108259758904
0.0015200471137168873
0.001192371245698294
0.0012824136452916923
0.0007800872571751145
0.0014002903701332788
0.0009080335368928891
0.0020544492403914605
0.0010444113985248013
0.0008525677673626369
0.0008495002788481756
0.0010594966078544836
0.0011605834409569513
0.00233918035573709
0.0011466324450959513
0.0017716485500242126
0.0008586061869940511
0.0009670290869125383
0.0009137615821243777
0.001001987843469621
0.0008654245709898125
0.0010946276407279771
0.0008684947669765016
0.0009896163822551015
0.001290259844115957
0.0009554709575359849
0.0008079904788059496
0.0008144320563587826
0.0008313031414269131
0.0009539299646569808
0.0009035281386489166
0.0017572457167193745
0.0008598571862464022
0.0007749443571028848
0.0013385621536246754
0.0013431021967488254
0.001161809586932084
0.004874362581584681
0.018336359626900788
0.007065295831465693
0.004270059536929268
0.002837766492554361
0.0021254996503659775
0.002169449217035435
0.0014329907505024467
0.001287358940963059
0.001277288841410044
0.001161120632183564
0.0010751869364790663
0.0010505941853952098
0.0011196068926522874
0.0009243609357182433
0.0009560076925532553
0.0015289413379739195
0.0012601966671558602
0.000882319452961315
0.0010472654040508999
0.0008313530782960077
0.0011418689195736894
0.0009748600429795992
0.0008511656143068266
0.0010650828347441297
0.0015723958108155274
0.0007878047561411153
0.000917207277227611
