0.0590323193739116
0.05236582664972562
0.0657540567978791
0.05642510342458786
0.06395487714086202
0.059810108921145286
0.06101379093959534
0.06285354921588594
0.05673525552472452
0.06204479219708487
0.0557195986591651
0.057734595770181994
0.048809940190414625
0.06012344503854157
0.05775986130659779
0.054989343237333274
0.060564903851750236
0.05834054272333666
0.05467220218662497
0.05137776324855973
0.05858053679448075
0.05429201329457015
0.05661711237028813
0.056728437895867415
0.05487147047012619
0.054382514986619425
0.05376878099242218
0.04973526384447324
0.03363198797645358
0.016474532597974705
0.012314668123515267
0.011240420783242064
0.010754452129278318
0.010702743520753106
0.010532402705526753
0.010557977954768977
0.01043068667167836
0.010401560042022069
0.010385575123998503
0.010101902894331282
0.009977165541798226
0.01019893091140151
0.009692022378760485
0.007351052323190586
0.00764248582218601
0.009153579744446695
0.010513839084190258
0.007725629738668478
0.007669223865650224
0.007569479830342882
0.009444881227104629
0.008853734487145336
0.008672289137509634
0.007946833255936214
0.008897422940521729
0.007896417088297367
0.009348724619049426
0.008224120757966354
0.008005130508304608
0.009038053252784384
0.007318234914765093
0.00753952044292095
0.00781634230949752
0.008235458217143546
0.008737491325593871
0.007529196016194407
0.009355588590142872
0.007677665152190225
0.008055149836058918
0.005977149996431266
0.008252093120223462
0.008425200442074579
0.007132029719552643
0.007839112031018041
0.00612277061355166
0.0070902894108036485
0.006279444105455334
0.009048349308671887
0.007486907314432415
0.00714652716243868
0.00649614694959062
0.008911310823517416
0.00803631792929109
0.006704293307357761
0.008292226107967215
0.007076906188228081
0.007175529556508501
0.008058421467021038
0.008043487125062402
0.008237123734037365
0.007758868401985675
0.007473663639764246
0.006408908623070125
0.007979002461179198
0.0066675027683163616
0.007084694439259686
0.006303600601170452
0.007349985493072361
0.006972925410599863
0.0061133593362376745
0.008034662227527838
0.008015647853586442
0.006581386004937359
0.006843620331453034
0.006892498159124464
0.007309044943250409
0.0074232594494416625
0.007068807503532475
0.007549605556043852
0.008400915205129422
0.007039891754454508
0.007128638619165048
0.0064841992696917225
0.006704268014821057
0.008063441994844165
0.0068753504656274425
0.006495251470290766
0.007750394117315596
0.007102163099009746
0.0070887051997113315
0.0070230264769525225
0.007894716421879082
0.006695588583844777
0.006404782125186995
0.006050087126921984
0.006499450347601691
0.008634019990624731
0.007110194041378873
0.006070712435539735
0.0065309166056840865
0.007637340098404507
0.007368239855253371
0.007112921015355101
0.00740624237388123
0.006812777505541824
0.006560714708288873
0.006245000979624172
0.006221391948270053
0.00652148643208141
0.006788526844437764
0.007024457634706573
0.007027201749149392
0.008231137933312873
0.007206072870104344
0.006291495588416677
0.005555485947055861
0.006585497237098393
0.00610123687541053
0.007170235370272729
0.006660941380591913
0.007429407287704277
0.00908767946692548
0.006504545963906913
0.006196583675868959
0.008043710607326806
0.00615055547541658
0.007085629668778283
0.006808694712782788
0.008576686149493579
0.006236646171192262
0.006315877635275234
0.005825663042997711
0.006596176320377804
0.0058081118138275925
0.006187657358842965
0.006838571587466279
0.007041171139929346
0.006643554230043158
0.006381000514712956
0.00613281404339466
0.006398402270043447
0.005877979334216209
0.006746787387330071
0.006383974614818249
0.006667873177017706
0.006849146511842591
0.006080338278554698
0.006132337048726962
0.00512554434493048
0.006080307556082554
0.006633970877367127
0.00644721868187442
0.006595063764817336
0.006040594694939309
0.006941093638001275
0.006541919943676871
0.006510509629587796
0.005846148614369661
0.007454433664210814
0.006278208789610991
0.006213925405966173
0.006806941777084036
0.0060964702098361785
0.006867693043943958
0.006327508778534986
0.006842148159316668
0.005595964385222292
0.008056152950098549
0.007978496071969748
0.006968521346324577
0.007413546631155424
0.0072999359043105765
0.005995594279909043
0.008053543738777093
0.006603359640554145
0.006127357980236847
0.0061933114384680335
0.005910043494197303
0.005222222701986913
0.006230029524232031
0.006715220423018096
0.006045832344095836
0.006349602573621435
0.00547947063854606
0.006605203348702022
0.005511625621989736
0.005421330992902859
0.0053664023150478
0.00636417245665
0.006334435753589706
0.006592684369604016
0.006694259657055813
0.0055640198807349805
0.005365284617265603
0.005960058830257711
0.005995382174789777
0.004686867860638561
0.006704533181019382
0.006635218243559819
0.004904426785444489
0.006527490288953119
0.0057868619560292826
0.006493185582847163
0.0057740891005120965
0.006044800079899425
0.0048742505112093475
0.006628063013048996
0.005135411304297024
0.006415565166367769
0.004592749744929262
0.005935556416660076
0.005639231677776663
0.005507398510148159
0.005270997174435177
0.006642585732666287
0.005953865451531133
0.005652167753624723
0.005780174074718931
0.005600672643169524
0.007969387493895067
0.005177845153565194
0.0060524893288015765
0.005307252242509799
0.005533624263737553
0.0061694101767513325
0.005513199646032872
0.005667401517426145
0.0054671470745015814
0.005761578345644263
0.005754591464605671
0.0053835470602286925
0.007085108350230336
0.006598512906200089
0.005354390646181024
0.004897894022754334
0.0049095146878721015
0.005078545938095964
0.00630824256778611
0.0042993095610770376
0.0053731095711159966
0.007866011991626443
0.005834566398191506
0.006063785869846197
0.006981037924901586
0.004912279287323945
0.005612481937515689
0.005854707384025957
0.005940470159477171
0.006377075633996826
0.0047698391993636485
0.005234181331302744
0.004628555569002032
0.007950665765018586
0.00442049139903506
0.005014991486972208
0.004997379817593971
0.007259764758938024
0.005921810248662623
0.006585317944640412
0.00512109557809814
0.008971116485888197
0.006118840387432003
0.004840196914642121
0.005252679268018977
0.004732018213752702
0.004482914660080626
0.005530602127269577
0.004859101528174084
0.004822878166542682
0.0050174669363803655
