0.0012602115118267886
0.001549500416011732
0.0018226063548354432
0.00219996804937821
0.0026992187556823264
0.003255578183499794
0.003933762213548746
0.004860728757292335
0.005979728980958965
0.007426631374196527
0.008834083819434652
0.01045982726862201
0.012619964073638659
0.015283297382395816
0.018152600339915906
0.02138182511427314
0.026281366845265636
0.03076915778974826
0.028991520027252467
0.02813379603085687
0.02722779887325659
0.02628858887741493
0.026154085729472542
0.02514820434216007
0.025612987351377268
0.024491268638018017
0.02374917595345225
0.02359399142222026
0.022227972217306897
0.023164448592610454
0.02230704779031913
0.022088650116898322
0.022806922942903395
0.021348033320611796
0.02106277253227057
0.02081632286285025
0.02063642442855682
0.021310864859638182
0.020206719643209834
0.01961532377675679
0.022018441401824757
0.019723604452116666
0.01938335582097942
0.02155744660696065
0.019868255891786837
0.018847646780085523
0.020092173061031546
0.017998816854496662
0.018538289237767458
0.017951886270295928
0.018088169279508293
0.018939601112710865
0.01799458287329086
0.017413879423779813
0.017843878510206735
0.01787726678633811
0.018422104717181944
0.017015619156252895
0.01646013426393069
0.01662666821613203
0.01652389531955123
0.017396843705854908
0.016444134746199927
0.01627061493707368
0.01664302045655613
0.018692791210235777
0.015980865963659174
0.01579670562106814
0.016000069347461936
0.015497280158907981
0.01552116104741455
0.015400945926336822
0.01592657354194671
0.016485715621604106
0.014581283765240899
0.013946689240558929
0.017191298073157668
0.017446827363675914
0.01433956274775335
0.013551838538684958
0.015272899401827238
0.014759682449260476
0.013787198270595557
0.015194863109295634
0.015209342818707228
0.013930329782384876
0.014221823686180083
0.014395657791504386
0.014351325751458472
0.012407488051197818
0.014002539028690473
0.013482241749738317
0.013828893019062644
0.012673017688447962
0.01398917759227491
0.013216838750333802
0.014298999641166144
0.012690798105747515
0.013577237665477032
0.01243194267845939
0.012054764690834123
0.016262654001144943
0.012668874706267505
0.012669122387730592
0.01317641423146769
0.012847027146710537
0.014384871625618354
0.012386654012811344
0.013185478778354623
0.012574171719795748
0.011981250856675812
0.012382693909662398
0.012553310965666094
0.012138405767571483
0.011831193105191798
0.01146404495198481
0.012507513668891546
0.012228409026598407
0.011611887851629305
0.012180347027055718
0.011609206967231995
0.011626332422491868
0.011484568208657406
0.011143383381233827
0.01189689479793447
0.011739385119211432
0.011325944104936678
0.011255730019026512
0.012270632951923117
0.014221029299487537
0.011361425270552974
0.011460778378957027
0.011448152681082688
0.011070099992778254
0.011459643976146204
0.01077982728570901
0.011051345654335376
0.011129129442033937
0.011136770172900445
0.01087048979841072
0.010744247198532763
0.009992371256639427
0.010055656626669539
0.010396199706765646
0.012252194501736478
0.011302294889213266
0.015543966635910643
0.014144161980397798
0.011082035240817916
0.010439492787259657
0.010658044814811769
0.01030302481612543
0.009987693616642139
0.009858130321624008
0.010251885297318065
0.01035725452458939
0.010454580190943906
0.010491081192535726
0.010207699404123265
0.010339391358020538
0.008810426267430288
0.009319132153020316
0.010637054632015124
0.011352650887282515
0.009955719091325393
0.012103363280058713
0.009942664415575564
0.009857788950997731
0.012698309436264271
0.009712959491849147
0.009260412201763608
0.010037222729265891
0.010082342995431376
0.009483569194688587
0.009278282485398892
0.009300563734565937
0.009564994875266141
0.014067112984186088
0.010179116864172692
0.009670741763280553
0.009177680495446799
0.009217401557425791
0.009618609936001736
0.009784899463222639
0.009006038120935193
0.00831954342445258
0.00923528928448119
0.008651342998082573
0.009192919037682382
0.008841826067608152
0.0085804875691522
0.009499148226569634
0.008695960844036293
0.008777667398602274
0.008015086145983456
0.01145929575904046
0.010280681780312915
0.008862034979314115
0.00828578315102621
0.008565470936544542
0.008801189833320677
0.008074489875218353
0.008765573802127226
0.00892828854832899
0.008112125978112925
0.008237415087736538
0.008844850902646981
0.008413006134671034
0.008694545104722114
0.008909915359942493
0.009733013673433783
0.008360148089736499
0.008469652747924163
0.007678117562160903
0.0078115598597513465
0.011116622802423867
0.007690824634345198
0.01095693015078133
0.009211463076565918
0.009072444412693684
0.009090265032608767
0.007938860199804342
0.009038579458295292
0.007192209076664939
0.007701899247508295
0.00781029967175847
0.008231735756822131
0.007924600109470555
0.007996639966763355
0.008285293999014775
0.008016527982781062
0.008457718604256877
0.008038525265087752
0.008952272237857451
0.007483932851952173
0.008037786712127461
0.008701510107572618
0.00751420298773745
0.007168536817000524
0.0077155758847004255
0.009151772798882244
0.007584714848309051
0.0071902957247771526
0.012526924621213126
0.008735599696346736
0.007679424640357595
0.009033356590284588
0.007701980451914809
0.007058834207143534
0.007209482654690038
0.007711689261644072
0.007070594991091639
0.006968167816553064
0.008636170290284665
0.007080017354628826
0.00725648711385155
0.007144252451866664
0.007061162832935617
0.007279903141819444
0.009496943192946649
0.007149168535613933
0.006704140004601229
0.008271959053377647
0.009849821391981095
0.007041688737887386
0.007411420387782257
0.006750181639831312
0.008129085657954518
0.007086200122029294
0.007153273962840841
0.007002137264715055
0.008541795184420472
0.012315473815023497
0.008987481419525638
0.0070406331199322
0.00717623725004897
0.007126328211302894
0.006906574820105389
0.006149059021530824
0.006239824324242167
0.009203804413020308
0.00777425491439833
0.009213310779651275
0.007714317392595616
0.007912156752600158
0.006175376174379946
0.006394548676719234
0.006539911341639487
0.006780646321351161
0.006078196042909514
0.006872320610627129
0.006054985107275078
0.0070222705096081904
0.006949226205186868
0.00644158070900704
0.00771910122696411
0.005991902937042854
0.006896572538362061
0.006188629193520929
0.00632916038975472
0.00824728050753726
0.006700565473717713
0.0070983610553289386
0.005959103683110427
0.006498976146512841
0.010112589906359947
0.006330723432207329
0.006510862504836876
0.00641896654190999
0.007086863664192827
0.006309941989948621
0.0069677504361607134
0.006483733145885069
0.00915184515100476
0.007082988517484753
0.006345949450356735
0.005685833084548043
0.00682025559630396
0.006471101210351933
0.006035193072543857
0.00602915306808427
0.006509766179275372
0.005986464423807086
0.007141406997106969
0.011324144865235163
0.007970001757761615
0.00649064514043464
0.006806702719611191
0.006468167374338451
0.006381513022289083
0.006682102069749522
0.006000581674114172
0.005948090930532261
0.005373837235950034
0.0057347311348830525
0.006206941816049653
0.006046894226676306
0.0057580598773170465
0.0063796853096023
0.005874206574721816
0.005325167715184491
0.005737214575748186
0.006843747286365141
0.005577287710636754
0.005152980567308495
0.005217411349263243
0.006068367273483828
0.008047267354118664
0.008474035385203221
0.0067565220524556935
0.009163751109578722
0.007373460661305266
0.0055607944645138605
0.005671344409583489
0.006132211773719236
0.005450531396687635
0.00516483056708239
0.005042705197214476
0.005004489819544392
0.007302553558130623
0.007501386382893936
0.006684599584283156
0.005176124359619476
0.005720914498827345
0.007575354010269449
0.008792200364877243
0.005671207945655427
0.006440524705622748
0.005691873576693438
0.0068717963342252815
0.0052995613360827835
0.0053809920351046165
0.005860054210249989
0.00523985837856811
0.005560055825028669
0.005801286219581458
0.005439647979958839
0.004650276365085832
0.005893931960108111
0.0050140847090153476
0.005872690121995637
0.0060273850827503046
0.006837315888874032
0.005421670822338578
0.007753670376071052
0.006178133724559401
0.005333564617054386
0.00480253784445341
0.005506528961484799
0.00461180362853574
0.006506666317707984
0.005557826679275447
0.005896700198472654
0.010478383847323523
0.006355605882630256
0.005778753324537663
0.005044855153804796
0.00496610501353201
0.004689017463337026
0.004655570601194946
0.005371335856113079
0.00551703672799458
0.005719373675969404
0.004607114199913938
0.0047303889893826
0.0049760487965761204
0.004972573210063667
0.005119378341840127
0.008268480234766833
0.017956712355560345
0.00868965037217414
0.006248839572386665
0.005965047490757865
0.005982243333238404
0.005049267565089001
0.005039844028746105
0.005355095440471494
0.004822801037949535
0.0052468189458375345
0.005107136586416714
0.004863706881469871
0.004567645203064171
0.00465893727016157
0.004754862946307135
0.004930124403373967
0.004597218026803504
0.005195844946020107
0.006484924700753008
0.011936201803650506
0.006365527545190039
0.0056780704259369015
0.006361059344222618
0.0046656600559898025
0.0046723963758857874
0.004876953389218732
0.004459258625157983
0.004807575564907008
0.0045454111288465255
0.005105669737629895
0.006126660174010573
0.005200294330967842
0.004524803781768659
0.0055332397656653685
0.0050251555418268454
0.004476425123898111
0.007065781322937156
0.004515848744729836
0.005473311215708335
0.0065972599534418535
0.005217413529690758
0.004758887110919868
0.006205277258649821
0.004816948269443536
0.005437745692246166
0.004367997338900947
0.005020566939886005
0.0052949976887100856
0.004921315307099675
0.004844038149442624
0.004387419879266589
0.00413111166877521
0.004312511084355867
0.004166088129135755
0.004567305114579614
0.005776807300847124
0.005396017672594737
0.009153236715261498
0.005649219334717034
0.006056945665575866
0.004471673210138908
0.005163705113306138
0.004505262860392749
0.004518117298642677
0.004102965211967711
0.0042140995123977395
0.005088448382888896
0.005525091526136306
0.00608321261353086
0.004719781408533202
0.006276128944198324
0.004489114676363062
0.007228296978487256
0.005051626778220305
0.008795955762695018
0.005535217426792794
0.004708153603919405
0.004089041457297532
0.005043470403777335
0.004948932359725036
0.004042913275141571
0.003972708990929548
0.004442051914363244
0.004343901915834411
0.005493835771041042
0.00432966068084981
0.005469127887752964
0.006465879526945787
0.004727218469220994
0.004090675517815996
0.004228196711738821
