0.0003449058600885389
0.0002610290584142219
0.00019208729054128284
0.00016828104473754225
0.00016625149895817265
0.00017508750750678016
0.0001851711524667895
0.00019537996485361077
0.00023902161733582196
0.0002437731862791521
0.0002881117891703387
0.00032137739685737294
0.0003805178739878258
0.00048001539649935405
0.0005064801640428379
0.0006260731761528646
0.0007163090358858
0.0008220721267500355
0.0009854695573754343
0.0011279130689054204
0.0013062926616444696
0.0015199692870362937
0.0017443630193170049
0.00207334101698902
0.0024217577705208616
0.002768923670196494
0.0030845995501472094
0.0033859482747049174
0.004008192552012925
0.004458524098825616
0.005078779412293981
0.005678811083523355
0.006419737355030152
0.007191157985255401
0.008077000752649504
0.00909630567696964
0.01006697082529298
0.011044246245747649
0.012284540177117127
0.014113872765462273
0.015021179441697476
0.016548859286871966
0.018475658413762235
0.020110184291886928
0.022578275002092682
0.025276709913035458
0.02922200243082944
0.034914797437045904
0.03410240837585614
0.03386654004398803
0.0334591173151794
0.03328906924006868
0.033132621669646506
0.032368879946653314
0.032073992705635365
0.03172697892154424
0.03144225956041938
0.030977656757842736
0.030152777593568915
0.029828390225154183
0.02887703391831466
0.02872471742624982
0.027780049968831773
0.02798314020037651
0.02676876661915346
0.028543957003326004
0.034894458056612405
0.02663726168806745
0.025060087993517798
0.025372232362795413
0.025422684639022593
0.02587671455846967
0.024106723005266003
0.025739802410372634
0.024017416463976496
0.02324296518364984
0.024144108749033135
0.02389104500385036
0.02330033452169837
0.024606205536966467
0.02256994628197468
0.0227535841812132
0.02295198395136702
0.02331403357915106
0.02538387215441644
0.022575804778838648
0.02589568008114113
0.02389250657336319
0.023118649626827418
0.032606953755021095
0.025242396323394017
0.021630061542692033
0.021588420934891432
0.0215979197519493
0.022496511155132497
0.02509832808796721
0.02606115814242582
0.02330146000235715
0.030540968385640153
0.025488660928936265
0.020832933935472805
0.02316292002448317
0.022111344873235468
0.020535747182279938
0.029054033444420004
0.031214363981135997
0.021126183998607072
0.023573477302541893
0.034572732404627826
0.026774905245290713
0.02036192745653989
0.020613259304496232
0.019340663157710422
0.01916948871596364
0.01903198788130886
0.03111271611815981
0.026153172903488415
0.024128561846437524
0.01948014744086547
0.028079383584499806
0.020285389846546598
0.018745485892037998
0.01897675014181195
0.027057138243725014
0.01876682521642817
0.02537516054910109
0.01840966882372505
0.018572248009204418
0.0193888822846003
0.019985922997684848
0.018624413381801562
0.01946187088412515
0.0188103403533331
0.01715930693081758
0.0211955209154538
0.019928354096741936
0.018446283723656715
0.018595408794752667
0.01993040188672614
0.022531403861730623
0.02449631474368023
0.024418587883592545
0.01654231283388167
0.015171824926545334
0.018154555687520387
0.03355948904647809
0.046009750799572424
0.03687987994221266
0.030775415316949623
0.025703614560210527
0.02140581025654792
0.018646457984220335
0.01841365545290463
0.018949042299364723
0.017924454371873916
0.022532004099129962
0.01630497206532665
0.017213538231516487
0.01578973802608832
0.016541060484066773
0.030777947567333555
0.018806452899543424
0.01606575215116757
0.018380210504689243
0.014511626093449552
0.019377186231677897
0.014901047061486972
0.017153562522713054
0.01838259990518906
0.017566666205863606
0.014301653954894578
0.04492722174034137
0.028237772781108873
0.020011934702902027
0.02167138804887397
0.016371200710521096
0.013645440350506412
0.01581791796536649
0.022627500492786425
0.014613444430314088
0.015137313725601198
0.013530071083567897
0.017004998529867064
0.0126003990950907
0.012842480060975818
0.013324162498995495
0.014800700184641483
0.0165689250328735
0.014490133236870449
0.016943082155848152
0.012803256546569228
0.014335135944110903
0.018361390629357724
0.016180641319574824
0.05059252643943782
0.03466356751484594
0.029296352196666185
0.025287496473654157
0.03693291113436334
0.0361714122070467
0.02331123689768578
0.02137096305744032
0.017332652977873547
0.016157326033890026
0.015068122949660494
0.015029831902797192
0.013819143122013254
0.03311955721783783
0.022758613455663906
0.013182262466236782
0.019798242002167506
0.04211607405720523
0.027681978489185095
0.03866191517059388
0.038251484803548466
0.02425562905336029
0.01534207131232271
0.01443766269393349
0.01264423206413674
0.012785979297207425
0.017969440786544694
0.014335001164817073
0.011830628079568011
0.011600406236130368
0.02310611729070628
0.022502009474327057
0.012717669993666898
0.013280555900632778
0.011871291645401426
0.015612196719643664
0.03291910272335794
0.028872100894482396
0.03048492216048169
0.014847216388203677
0.016306859859673496
0.011453643987087833
0.01207188304517181
0.011357195382372717
0.01805655688678755
0.012856619038413303
0.033611966316215
0.0180044589557228
0.011992357127117307
0.012279103236265954
0.012844432744438226
0.02702397296348175
0.022074601040936812
0.012853178361340074
0.011599661227776094
0.010321947773883629
0.011765584791748879
0.019078442717863995
0.01786377189300731
0.011848117769887664
0.056888121106986246
0.03323202836937672
0.020243402914063874
0.028856826443853
0.01573641738097431
0.013936503094443109
0.011944147454721204
0.07700500448237868
0.03370088892413324
0.027471413807978344
0.023514560967934934
0.02674916893773981
0.03393386305424939
0.019043361346066445
0.015987238633945192
0.01832070416327887
0.014105839832696351
0.015723042674920754
0.01161041980337226
0.011232726936043705
0.011969147582297748
0.03363441676250223
0.04098903652880522
0.07062865654181005
0.045953418710705046
0.039533695268831895
0.03472368892854296
0.03061736465086428
0.02720558779376946
0.023255938643150117
0.019906983187610514
0.016954371374281827
0.014779977830064095
0.020902573007197302
0.013506542141322563
0.018731914551349614
0.012708152011246159
0.05120190484484148
0.05670043697741148
0.0475721809915389
0.04241906030431446
0.03861627775185117
0.033989997859695434
0.028543964645752075
0.023012445859387796
0.021698353602812533
0.017557669274006666
0.01829798155104958
0.040728733145844624
0.032206879279921566
0.01978145471045029
0.027513724266924663
0.01687438146661172
0.016492990115901617
0.01306833919967884
0.0226216305444917
0.04616869247277801
0.030399948072511604
0.022985068125447976
0.016998770761858212
0.013242838642654124
0.012689434276189139
0.036048736166878696
0.021439606179082103
0.028577133844003136
0.015813567326840167
0.015809881321262667
0.011641343197460925
0.01372104077966193
0.011060022987941566
0.012535126467343517
0.027235111971612505
0.011869930658726657
0.010916562766632002
0.02473855321993179
0.03468057473123855
0.027421604939614343
0.017438170224539796
0.01575308270780335
0.035174927942817576
0.021133528160775423
0.012126070025206059
0.01801428821963373
0.011557335011340148
0.010751017664946365
0.010653735421883982
0.011481062014681402
0.01343121660493091
0.009751946717668115
0.00917294442266477
0.009511262852496255
0.011882642740976722
0.023596315000255066
0.04653969251163555
0.04208155915364344
0.0405394064074152
0.031873773455564004
0.02495578421133288
0.019657576282261016
0.016310110902727656
0.01510280417104004
0.021447009401751704
0.016306801120077402
0.01119061309341969
0.010856116169624114
0.010853008980154712
0.017511270097927766
0.010499422620695907
0.00973150956580478
0.009904852012270008
0.0159090438906508
0.010803870138213429
0.03410572747434821
0.02590770833194256
0.015227024324852206
0.014794509769818477
0.009669160241023933
0.009016931370033251
0.009041712792897214
0.008639230884695322
0.009236250596804621
0.010984599348750622
0.025201116515016567
0.03562903416095378
0.014750439352757029
0.010840357744312856
0.009337884196941829
0.012338333966363961
0.00966665170971681
0.009666432529750668
0.02346831954551742
0.01305237960433134
0.009180830952917201
0.010876565717321155
0.01304671841181731
0.04135079822530935
0.029594047615925472
0.01497547605950455
0.010475672616654734
0.03690262882593559
0.03354455158812053
0.018450716072658586
0.013899907218606284
0.01144336310759438
0.011780135861985135
0.010256042856590522
0.013518771497630392
0.015407880043527215
0.021439325927725333
0.03705883494574814
0.019989812417018613
0.012637678814584509
0.010072554753786336
0.00907647953811712
0.008601210312917829
0.008170783231976661
0.010581534184961954
0.008877142497306962
0.017228470586784436
0.01032729884295651
0.01286939152495496
0.008371271666537007
0.009187891359932804
0.028017472160094127
0.01404549596109166
0.011456779338600818
0.01030916797366928
0.009868125184456563
0.007827931225006834
0.014900103631718887
0.00842507312437066
0.023897351656974142
0.01506850635720075
0.008604668688608076
0.010270496109179622
0.009490023401115886
0.02296969425351767
0.014990426098565093
0.02248116000032241
0.02417585030128335
0.013244930821320928
0.008454301759900616
0.007237893481710961
0.0085985655102823
0.007116892199338962
0.007160513604684185
0.008464556999246448
0.007240601311688929
0.008050401399456215
0.024699524581285843
0.011781984813727634
0.010728382720866621
0.008714939191177041
0.06523250530418079
0.031873622818497684
0.023517000164543646
0.01740462018162961
0.016689104235588052
0.012978789825620276
0.01553399217304554
0.012883974619433004
0.013905486016977258
0.010358237010890737
0.008476265056463385
0.008070941503449214
0.01651820608184495
0.008390157074538454
0.017884038186419322
0.020193068474559078
0.016761846432273977
0.01638872085892585
0.007676992152925679
0.008196896524604563
0.00709681592581703
0.006860396767223484
0.014287151699739226
0.06352533169146557
0.04022248838557286
0.033616184002339615
0.024677690345277725
0.017285965102260815
0.013247186377337586
0.012222631101946482
0.010112394454055344
0.009544101757370633
0.021851529449238426
0.009441100496080206
0.028279254946348427
0.019858108755821984
0.012934804435345006
0.014649806143053239
0.009300911888891782
0.008803449253715602
0.009449576168959395
0.00721483446321056
0.010597489437625538
0.008803968314318622
0.028269519537603587
0.018376939816658527
0.02301612409696764
0.017546656543270367
0.008525947837877586
0.007897813053634227
0.07074283293451877
0.04673380334251159
0.03851205361693093
