0.00015791120330224282
0.00017116937974223618
0.00018911680388419396
0.0002197243292162099
0.000260677149229102
0.0003146305155148023
0.00037919139232085015
0.00045490442517743374
0.0005472614163502662
0.0006443309832541664
0.0007574943352988285
0.0008668643484984428
0.0009970437861050404
0.0011255556742538846
0.00125987241308479
0.0014131743664620444
0.0015840274578278067
0.0017662301573088549
0.0019153209928658172
0.0021472909067818354
0.0023348571540337385
0.002566268421148133
0.0028469552657655094
0.003056021567317657
0.003314648363761012
0.0035915168646340058
0.0037773691028548037
0.003972999891375026
0.0043969635691746166
0.004296077370195362
0.004490379705398439
0.004511038583450925
0.0044852083209041445
0.004760760857199241
0.00496833725771475
0.005099114419013331
0.0052214936330418375
0.005440392881788522
0.005777579120786808
0.006186337161278265
0.006114562974468082
0.00646161299011731
0.0077916741617041355
0.008045970235959949
0.007814711289454216
0.008200100737310529
0.008925307476806027
0.009108141573824894
0.00880286259637606
0.008656975850201795
0.008480233920381238
0.00785738350410084
0.007660002597807863
0.007250959544320739
0.007329759829912648
0.007177497984876282
0.006945782508614047
0.006991536616539217
0.006599482760338165
0.006741875444242957
0.006685447287267056
0.006323382535309609
0.006621324515979842
0.0062313448723675426
0.006477387607854869
0.006019922596768032
0.006598482692340023
0.0061964202415476614
0.005920464154463435
0.006161509173112773
0.005784814722540083
0.006376337750693
0.005771688645309551
0.005743003143519859
0.00570959892400288
0.005806481387361745
0.005766466176180848
0.005855253743112227
0.005755519859436203
0.005643711914961165
0.005277272161514124
0.00548863875305402
0.005237168963197793
0.005385009706821119
0.0056253745335928884
0.005197313662061346
0.005477548804826094
0.005110442515453933
0.0050732248112402645
0.005362116073467116
0.00529416858449265
0.005077324630300924
0.005675341047250849
0.005060717230118706
0.004949053400196135
0.005284752207155401
0.004845185730841324
0.004920180214603788
0.004980609373616002
0.00496734656223801
0.004924994946683748
0.0049177187051032195
0.005198701557912211
0.00510302554406922
0.005056634290735716
0.005034199401205319
0.004694218009658089
0.0049842091616695726
0.004623309117263165
0.00518624976339367
0.004731864200591623
0.005151385995211236
0.004581562570888096
0.005165438540388665
0.004405114280764954
0.004417604974592888
0.004531780918777233
0.005113721239841848
0.004327620117420278
0.0043597938631613365
0.004321447051909239
0.004341198395280533
0.004457640938164893
0.005402747705953074
0.004979786104043928
0.004418811014479148
0.004454710061670603
0.004223506870488071
0.0052999824782720304
0.004586739288251325
0.004398223250956387
0.004235378869648187
0.00431535953479584
0.004693232513703058
0.004130481930001351
0.004316728655684078
0.0043019831961751956
0.004328742122308081
0.003961626802044529
0.004275741793811495
0.004283847478784133
0.004055448771872183
0.0047043321108027735
0.005219196204409421
0.004524920660149411
0.004233301186087654
0.004672088417133195
0.0043377813885301765
0.004092580345067605
0.003974087492815245
0.004087522981425086
0.003959069361966799
0.0042222914711363335
0.003808067972819695
0.0039233118790706675
0.003938371752427943
0.00442535052604747
0.004000692245350263
0.005066848708160013
0.0037891535196131285
0.003874078051352473
0.004527899438284651
0.003968140564066854
0.0036516422234479963
0.004018610479336267
0.003806738495700514
0.0037813810664272616
0.0036960929505979625
0.004227197155678453
0.0037480750628181288
0.0038133078275431193
0.00419873872632596
0.004011999781974635
0.003800426381879495
0.003553431786305193
0.003958721581528782
0.004064581346062717
0.0035563000680761256
0.00361135442606304
0.0037537146012612105
0.003656551118387414
0.0038317880967510083
0.0035337918964606302
0.0036212082067722125
0.004519653670320061
0.0038054807214436305
0.003569665731574957
0.004778829215270702
0.0044141277027856035
0.0035133888201339812
0.003363346343720767
0.003921505492441704
0.004163599601907603
0.0033550673691016214
0.0034026491831635588
0.0036390884186437125
0.0035889764339771886
0.003458007282869037
0.0034257831611174427
0.003518071601702614
0.004735346701296447
0.004418856113448426
0.0032671877524650126
0.0037088599192004685
0.003540292531295427
0.004033733721252391
0.004732821687237821
