0.00027066508360276714
0.0002694813427586048
0.00025540475618522873
0.0002393307540757216
0.00022930893798143315
0.0002216719796502458
0.00021384688259905342
0.00020728451167189768
0.00020195607345651348
0.00019662131365795542
0.00019202996116070617
0.00018706699698226674
0.00018361044564027619
0.00017988350890140554
0.00017650326681687827
0.00017343987402055743
0.00017067288677153727
0.0001679960834871538
0.00016535245336752133
0.0001639005038617984
0.00016114165351337702
0.000158833592564899
0.0001566751871506083
0.00015443788590992227
0.00015192596956099618
0.00014914278616632605
0.00014664161310881533
0.0001437246100297067
0.0001406644007368405
0.00013846315091413827
0.00013550736653894865
0.00013295316997432438
0.00013018478941342087
0.00012865390664752068
0.00012567716860239586
0.00012379867342549863
0.0001220149852343069
0.00011940747531425756
0.00011751538973653072
0.00011543062054927495
0.0001137915874394005
0.00011101497627444409
0.0001097634967918906
0.00010776086679113611
0.00010631881452575718
0.00010449062902578283
0.00010332210314398627
0.00010124394020324607
9.981708312934813e-05
9.89030614219471e-05
9.782737504231752e-05
9.599904602917921e-05
9.456113323968592e-05
9.335888550433474e-05
9.236058872587495e-05
9.109212800824501e-05
8.957629474467449e-05
8.875017757018893e-05
8.745503231200876e-05
8.673589226733196e-05
8.558655242276787e-05
8.482077456077792e-05
8.365154532507872e-05
8.242920074880093e-05
8.187735545455487e-05
8.077376640647123e-05
8.001378340272355e-05
7.956971090165116e-05
8.012911543986111e-05
7.844803411193697e-05
7.70759278030905e-05
7.607989002247102e-05
7.635365746464911e-05
7.528952914768848e-05
7.426053386306168e-05
7.353052141272167e-05
7.34829153660489e-05
7.329350433945569e-05
7.185457830486502e-05
7.220809158548674e-05
7.077891303911243e-05
7.019059008836559e-05
6.967427423014414e-05
6.931779597979475e-05
6.893277834670044e-05
6.823209995647596e-05
6.886330191043279e-05
6.726512269056554e-05
6.697014858592607e-05
6.680422824348876e-05
6.703281761584999e-05
6.557722564334612e-05
6.54817418575833e-05
6.542155804318185e-05
6.431786070572905e-05
6.413864054176935e-05
6.391609495720025e-05
6.35684906721559e-05
6.332308234577285e-05
6.282183270078375e-05
6.230628545908475e-05
6.230654956954618e-05
6.350412301212728e-05
6.132692062033767e-05
6.091242305097762e-05
6.0761600796586976e-05
6.035221363545643e-05
6.0371550376810975e-05
5.980017068336182e-05
5.9431182800886814e-05
5.916885843404751e-05
5.958738511593612e-05
5.8660744705044875e-05
5.805284004437054e-05
5.811070102630357e-05
5.817273684391626e-05
5.825698398413772e-05
5.75323978171871e-05
5.715330699556638e-05
5.6728183842105266e-05
5.666678725476877e-05
5.740593075991617e-05
5.60825781100571e-05
5.604168345428738e-05
5.589881528356052e-05
5.567441565579208e-05
5.541965781737426e-05
5.485480816838458e-05
5.586143539981562e-05
5.522736920904429e-05
5.434859579330567e-05
5.4753192688341725e-05
5.4338802864354006e-05
5.4231092333317644e-05
5.333958790424306e-05
5.3564768779460364e-05
5.355914490622203e-05
5.301070078216258e-05
5.362333004681391e-05
5.294096995937686e-05
5.212636349433609e-05
5.2994737569155675e-05
5.245785834172536e-05
5.265412124640321e-05
5.251246406362179e-05
5.1820700361965134e-05
5.141886930831677e-05
5.15337411326353e-05
5.098119506847155e-05
5.191554072697616e-05
5.089459519295585e-05
5.197009804165459e-05
5.047095443085913e-05
5.0373096311427916e-05
5.015939241785188e-05
5.070260740637346e-05
4.996732984870514e-05
5.086498608294261e-05
4.952065268230612e-05
4.9786856256547234e-05
4.950306733874887e-05
4.953936534879618e-05
4.996777830609266e-05
4.897687737704864e-05
4.913718848316234e-05
4.914753336489862e-05
4.84791168512338e-05
4.8609301693346915e-05
4.836808901902225e-05
4.840934499918709e-05
4.845577143123167e-05
4.9231233635305855e-05
4.7811265686275565e-05
4.777999027996927e-05
4.752786038824244e-05
4.7572686211611295e-05
4.7796403811852854e-05
4.8138886451733156e-05
4.742030456480483e-05
4.710771473778507e-05
4.693820939673205e-05
4.72136651585749e-05
4.6882807509973645e-05
4.693306086622462e-05
4.6653481047406304e-05
4.665895394452414e-05
4.625920422275107e-05
4.639021203856998e-05
4.752162676255619e-05
4.631351007489437e-05
4.5989657065487865e-05
4.621344048934597e-05
4.584278605557939e-05
4.557267919357672e-05
4.577316931062911e-05
4.5791573785914536e-05
4.58477489046685e-05
4.549241804563501e-05
4.576338545962457e-05
4.558996589987367e-05
4.53491352728234e-05
4.507175947416565e-05
4.5268443287891516e-05
4.525786211603173e-05
4.475640442625459e-05
4.4903713719109855e-05
4.4995813708584845e-05
4.447279417741539e-05
4.448886606228923e-05
4.435260788655609e-05
4.475761907767868e-05
4.401022500209467e-05
4.441992423040727e-05
4.4246423037131925e-05
4.417133899653117e-05
4.414152369471909e-05
4.375237167720948e-05
4.4661121264823044e-05
4.463434629329963e-05
4.3376635004049295e-05
4.341111745867306e-05
4.433502397949048e-05
4.4655553601757255e-05
4.3377179017880165e-05
4.318038116031866e-05
4.308856564718647e-05
4.3873431201981787e-05
4.32762423183831e-05
4.2818717158178656e-05
4.317416105805363e-05
4.2803540054592304e-05
4.2882739159220905e-05
4.251848774665377e-05
4.29340135125241e-05
4.287679201586577e-05
4.321889753844295e-05
4.2659235103235355e-05
4.255330770881139e-05
4.243725023489983e-05
4.450809479477297e-05
4.2499392395393014e-05
4.21639476380138e-05
4.21072326024051e-05
4.211973785705621e-05
4.207054223464345e-05
4.2312722891829165e-05
4.165303613330949e-05
4.313858794078348e-05
4.185270650663726e-05
4.157209563532531e-05
4.158451301748832e-05
4.2368854312337695e-05
4.213146341124943e-05
4.1219771106778554e-05
4.120365428266651e-05
4.247869058749062e-05
4.15087884546189e-05
4.1538060728594375e-05
4.165334363601815e-05
4.1190043260957e-05
4.1106195329409964e-05
4.090936046306405e-05
4.1068674150988174e-05
4.119690669047435e-05
4.083528989705934e-05
4.108503987915024e-05
4.078805989669592e-05
4.167541476894359e-05
4.1486477011093374e-05
4.083049295850372e-05
4.060189852867195e-05
4.175045880877737e-05
4.1111654014610596e-05
4.139987787507337e-05
4.0538297088179745e-05
4.039405760344142e-05
4.036130872221879e-05
4.007097953452052e-05
4.079887532719104e-05
4.074533056911401e-05
4.0792276764630716e-05
4.015031633834696e-05
4.005425860192768e-05
4.045091096724429e-05
3.989192595259041e-05
3.964519017194039e-05
4.040824799877581e-05
4.015703259972164e-05
3.999287156003558e-05
4.002850682044371e-05
3.9684694779807784e-05
3.999438342072829e-05
3.967802053368835e-05
3.971710526100175e-05
4.052857861879432e-05
3.9525338677130745e-05
3.974682737785668e-05
3.935837130229289e-05
3.978543810543134e-05
3.950525155164754e-05
4.1283782380883296e-05
3.9240197986707084e-05
3.920040579151501e-05
3.929576938797798e-05
3.947919322794932e-05
3.9500129855483786e-05
4.021676538125057e-05
3.917336088706409e-05
3.975383633502626e-05
3.9118783869500444e-05
3.947776038279631e-05
3.9097497690002276e-05
3.906350728051213e-05
3.8900283598365525e-05
3.960383397735934e-05
3.905752657085252e-05
3.8681903559030207e-05
3.918066211503106e-05
3.842669265625169e-05
3.9724533053231426e-05
3.9344487840170476e-05
3.845279153321367e-05
3.8256578990742436e-05
3.885366326545052e-05
3.944538799838041e-05
3.899334048676613e-05
3.880971089699338e-05
3.816482540824947e-05
3.851751682015895e-05
3.98287610270553e-05
3.838139738061761e-05
3.833500565387086e-05
3.8427138674153435e-05
3.850524896062491e-05
3.954917647376456e-05
3.8006541438326765e-05
3.861050027748733e-05
3.906964008828569e-05
3.805476935837683e-05
3.848616481229889e-05
3.801292461214182e-05
3.851500353779998e-05
3.822927475280224e-05
3.772492929834766e-05
3.762670038557648e-05
3.871943457189471e-05
3.812428789489922e-05
3.807888702438028e-05
3.8238654218662515e-05
3.789603573257358e-05
3.829791555043786e-05
3.774491944789579e-05
3.758484730939e-05
3.762913742337961e-05
3.7692968328535084e-05
3.765791135375817e-05
3.81704167011776e-05
3.7251848310763106e-05
3.828224903670255e-05
3.758530339123311e-05
3.7627627101177936e-05
3.775119123835972e-05
3.740603249106898e-05
3.736644720167159e-05
3.7706705821007836e-05
3.7109845927992625e-05
3.759742347062805e-05
3.8218945918972476e-05
3.712461630044838e-05
4.116595893175935e-05
3.6946623044841375e-05
3.7018189083436114e-05
3.7265296974918415e-05
3.684644732891123e-05
3.699174394399128e-05
3.731884729196307e-05
3.737315932357038e-05
3.74634988628008e-05
3.7017259103853676e-05
3.722169527191849e-05
3.8012273575434416e-05
3.682457525632616e-05
3.6700155182630605e-05
3.7043164589942245e-05
3.695120972862182e-05
3.702346642219318e-05
3.7336007977994136e-05
3.676968503258709e-05
3.704596645412009e-05
3.713488556662516e-05
3.6832374343392875e-05
3.716764500478629e-05
3.707454748662237e-05
3.669977848182507e-05
3.7166663881001784e-05
3.690895979824719e-05
3.690920352582737e-05
3.65290798157237e-05
3.6987147451267976e-05
3.679905751247881e-05
3.6636678402412195e-05
3.714520975948196e-05
3.73570157076144e-05
3.6738446388566633e-05
3.647618544835784e-05
3.6592120616481895e-05
3.7021047446784826e-05
3.691938010004412e-05
3.614044328621114e-05
3.7618646486994165e-05
3.6785161614928845e-05
3.6194063625847876e-05
3.628052462067261e-05
3.717671885492692e-05
3.660698812637178e-05
3.5963605131375145e-05
3.629985535256216e-05
3.605522876662511e-05
3.60510529449512e-05
3.606376455290021e-05
3.650468994730596e-05
3.627763526650444e-05
3.644139043355489e-05
3.610557413484007e-05
3.617195739662688e-05
4.014061354287023e-05
3.5916537990063e-05
3.60505671642811e-05
3.583973634746807e-05
3.5847483397837916e-05
3.575819737647027e-05
3.561690904054014e-05
3.588790339937273e-05
3.56699879078312e-05
3.590543254125737e-05
3.641515852386789e-05
3.628587579849953e-05
3.5686751467675714e-05
3.5931207383107e-05
3.566716348478477e-05
3.660661560754187e-05
3.6123973731153915e-05
3.561277208063984e-05
3.565615055794016e-05
3.569274195227837e-05
3.623152402962371e-05
3.589973146296879e-05
3.627324799156234e-05
3.590843226728258e-05
3.56881846443268e-05
3.632078671012733e-05
3.556573292966464e-05
3.585710631078e-05
3.6002692434173535e-05
3.533318717035119e-05
3.549420789483103e-05
3.5407425712377366e-05
3.549764813929002e-05
3.6132205839698075e-05
3.609272810867411e-05
3.5297409629271906e-05
3.5266708326621184e-05
3.5964688424564455e-05
3.5560003563540845e-05
3.50428268643342e-05
3.604225373671066e-05
3.5275431222306286e-05
3.545319434175394e-05
3.510576498569055e-05
3.5104286708302195e-05
3.501228445975782e-05
3.484995682539133e-05
3.526077064371093e-05
3.5376060283095486e-05
3.592859198234292e-05
3.615336586293116e-05
3.54382423508562e-05
3.508204997084147e-05
3.569004790147247e-05
3.527583751993942e-05
3.522185528641088e-05
3.5161454434273764e-05
3.507154293554981e-05
3.4974753616892334e-05
3.4915988554725987e-05
3.5400481312331706e-05
3.4791890875652335e-05
3.5566956200038526e-05
3.498402738586834e-05
3.518392957834566e-05
3.522188414374277e-05
3.565498235874546e-05
3.512107620999559e-05
3.588383247558774e-05
3.466394364550409e-05
3.467729060775187e-05
3.455535239209834e-05
3.503074136273783e-05
3.549182109173526e-05
3.486716986261743e-05
