0.00015671224390873556
0.0001828272672066526
0.0002128477575174189
0.00026085282066373467
0.00032812682775754446
0.00041574392593944463
0.0005214762069920304
0.0006451867648648429
0.000785554547317622
0.0009364513998577006
0.001098147220800796
0.0012671379388797437
0.0014309298636600654
0.0015997600395702453
0.0017699321533910164
0.0019836083988041104
0.0021757072101077327
0.0024068637677059274
0.002587430934730708
0.0028974698697625894
0.0030628825656451703
0.0032778526710729315
0.00354308679658554
0.0036880739488003547
0.0038903445945443395
0.004005648937755239
0.004129264951970811
0.004018665019370546
0.004117754608431883
0.004184439978518775
0.004310408988467061
0.0043534568323814705
0.004785789629971069
0.004848094442728733
0.004850839954478858
0.005798422758658982
0.00544509148795297
0.006270046782175027
0.005997409525101082
0.006456008266927413
0.006830894493793842
0.007277643316747429
0.007672293275968981
0.008289799148599817
0.008547538456237205
0.00980203971701944
0.010279620471018776
0.011074490155415418
0.01088819351639146
0.010889953602906143
0.010620938507387432
0.010961411666629887
0.010528443442117945
0.010369757714759663
0.010416960372006364
0.010238078855865888
0.010125932549169965
0.010067179844775629
0.010009735739990094
0.009874435350577408
0.009743353328014785
0.009810665141460355
0.009940441562924708
0.009552432371033617
0.009840434064618616
0.009771078009001701
0.009796360877525305
0.00982064405177659
0.00934138822273534
0.009369589719120587
0.009398780045073444
0.009416250166021914
0.00927321688776888
0.009575736243277788
0.00915009664832919
0.00932322340151382
0.009333119599287894
0.00941690283601181
0.009133907612717805
0.009157318600113982
0.009192567729939507
0.009171660937299238
0.009178052349538307
0.009193345297249817
0.009074635549108976
0.008943689638905437
0.009193892930155602
0.008823001892175351
0.008912691881305704
0.009284884786389978
0.008804448634368654
0.008767886550783694
0.008730012394714161
0.008788448783447183
0.008794744326036736
0.008812703738406858
0.008346921090846098
0.008446079881200306
0.008808623333505102
0.008626580627844016
0.008570031967954101
0.008352615981510728
0.008372926755991076
0.00841147551600273
0.008338996396339107
0.008389375855815466
0.008532227112728859
0.008388593689555947
0.008303205658916697
0.008339484977300898
0.00808783080733477
0.00827959174873464
0.008305528647240216
0.007997692758478572
0.008392117055846708
0.007867190891128277
0.007995614649240519
0.008000459049819646
0.008033840888763003
0.008106766497089623
0.007845627174442895
0.0077549474918779645
0.007680370407091959
0.007695152324180458
0.007760153771116982
0.00796509137873268
0.007996893090753007
0.007450772368862668
0.007708887249736168
0.007269103547871531
0.007569295713225397
0.007207059401531365
0.007102659250670504
0.007066402689849731
0.007150656363065137
0.007290320092307351
0.007627930877312461
0.006868127568093973
0.007066624768940018
0.007248315481451628
0.007706238916491933
0.006619449069497184
0.006907523899104133
0.0069168517866528756
0.0068939761693859215
0.007016008916728755
0.006611484516342388
0.006291998883221891
0.006577860237595355
0.006375582106454977
0.00663070094980578
0.006817648446222193
0.006538259553087649
0.00694100538847498
0.00635709705605894
0.00618908386438145
0.006376273207644993
0.0064339445943065055
0.006154547670690743
0.006189873986050626
0.005993255002807094
0.006452813820704539
0.0061683483306475195
0.006108867714973602
0.005982688620521156
0.006341637963011304
0.006042824554361542
0.006340871247349777
0.005927812045866571
0.005646573506931069
0.005762394143390321
0.005812166488259404
0.006194848197329545
0.007766299909328886
0.006926622745476524
0.005713548177252654
0.005672395556825692
0.005912282314286437
0.009110867954294466
0.008465644818617502
0.005743874676490777
0.005603850690787223
0.005515083595544587
0.005424065949508451
0.005324092963449309
0.005329932579030848
0.005466898707411835
0.005618514208053456
0.005616764101704635
0.005263533517196078
0.005305625752885347
0.005718880133903542
0.006518825453436263
0.005390130971323385
0.005276053034152104
0.005404652501064762
0.00540694333591159
0.005231261022702278
0.005118159763297397
0.0050926033361753985
0.00526089548942781
0.005080138404949385
0.005996668486089977
0.005178037798032165
0.005017183288044044
0.005652851834196911
0.005271351302181867
0.005486023029699817
0.005153698298349002
0.005210592550721681
0.005219999404850407
0.005105701963869837
0.005053777609969202
0.005329454515703789
0.005108760133446586
0.0053366103261778845
0.0049346369564985835
0.004908425062154985
0.004999139163399411
0.007039930805276697
0.005218462524587445
0.004915545817473294
0.004762045090373988
0.004997013850468341
0.00503146908546267
0.004647937937308904
0.005017631100795328
0.005252871161901227
0.004659800004718878
0.004774539655283372
0.005316535492915068
0.004892543280305707
0.004809923372100865
0.004642327247561765
0.0049979455636326815
0.007703639533170542
0.005537858031576969
0.005007748223327657
0.014069635231726777
0.007606070697586113
0.006559861569325918
0.006204556625893461
0.006003614746808797
0.006157733604451206
0.0056487713770714595
0.005659496414945156
0.005431675858073215
0.005322902462288529
0.005298289865316283
0.005200076182416388
0.004950955256636942
0.00464613592822244
0.004629075144217393
0.004867896465932794
0.004489169942397868
0.004554541011245173
0.006991157984952921
0.004760272757402647
0.004815737141304972
0.004642429453686367
0.004515776482506472
0.004862538084091845
0.00479965027917838
0.004365642958703651
0.004709428800792198
0.004535838996417054
0.004856930387415271
0.004636371227538335
0.004542647318035433
0.005244558844628318
0.005052196105646196
0.004523873003852492
0.004380759626418073
0.004584687269101285
0.004705939501758978
0.004449402944731013
0.0043032786506445745
0.004439560485411888
0.0044745686833929516
0.004338736559925862
0.004579628692617832
0.00469235580514629
0.005566890912879014
0.004536196537246214
0.0055315874149222104
0.005112033898759389
0.004558456778770017
0.0047136618055089894
0.004464211594095785
0.004278964326046755
0.004563268570003109
0.004468456912724841
0.0044454370568741425
0.0048683752854154485
0.004305370468602768
0.004366406485455754
0.004859574894185796
0.004392109365228598
0.004314162701783946
0.004533745545380374
0.004399849328203736
0.0041803306634494355
0.004409482204855777
0.004400474782032178
0.004637493744327156
0.004465962997333051
0.004187165858511264
0.004723961491716556
0.0044558333944546705
0.004179183117366422
0.0042559202873609335
0.0040622119602494846
0.0040484854057170104
0.00533092957616688
0.004253567371595756
0.004112188055867625
0.004319767042272072
0.004488742325528934
0.0039947385471053075
0.0045139020348019965
0.004931997667745661
0.004215664268366853
0.004059307754831824
0.0042814839904405455
0.004779357779183573
0.004383149735246585
0.0042201263974768885
0.006555631835662073
0.0040688050908654514
0.004131979316638382
0.004023496924342466
0.004163430471660865
0.004058276887365104
0.004023106874262688
0.004188121320401257
0.0039213788673873535
0.0039813839542139845
0.003939182862038855
0.004177340581604044
0.0038867893271914153
0.003983741575007753
0.004440078702777032
0.004333294143630453
0.005665920593201348
0.004015149174923965
0.0037313094950133115
0.004201663683046735
0.003774102788666594
0.0037349263797992857
0.003818281523113043
0.0037671462665355513
0.020824855793524256
0.007345350799760042
0.006234130752490502
0.005749144730654275
0.005340065691776782
0.004894534375074659
0.004155045183741044
0.003862339024057734
0.005212770072660609
0.003927456911883935
0.003676443318858151
0.003684274199479651
0.0035469995737598043
0.003687229778870035
0.00356566308558022
0.004481657649712445
0.0037540025534717556
0.0036670727705339265
0.0035378554826123623
0.0037846660467787323
0.004268149288793347
0.0037085134552347814
0.004215075929266201
0.0035156289933719366
0.003478564609769105
0.0035011257397480934
0.0036021714962618514
0.003521808899643126
0.0038258377750943822
0.0035633226436623763
0.003425829625518766
0.0037115511504028026
0.0038124495104312132
0.003673222877746709
0.003904536084672349
0.01779520339289001
0.006226265287270474
0.005396104418829292
0.004816128609040491
0.004622977667610013
0.00380240994718831
0.003750377599036791
0.0032767273352925326
0.003907509948884215
0.0038241072640554092
0.0033007610946127744
0.003267740360765814
0.0031872839758294485
0.0034379890415965468
0.003402844558265408
0.0032612667685574808
0.0035623140604818396
0.0032338772021303667
0.0033949652118782435
0.003671065274251747
0.0033265702164227092
0.003363878674539694
0.004095242547511045
0.00413212834565822
0.003644308711785092
0.0033022799968684667
0.003541037333676609
0.0032641699735649695
0.003421946473323923
0.0038134441716448516
0.004627213424406772
0.003678202385378775
0.0033519965940303057
0.003550316529157006
0.003436364577299802
0.003564930919157428
0.004250479123890226
0.0034530900645061073
0.0034352028644513166
0.0033867755615387424
0.0032106187911573624
0.0032572145437795635
0.0034243667810485113
0.004243556083676135
0.003720271675281714
0.0034157872253323895
0.004102223286205015
0.003182759933080089
0.0038351756520569324
0.0033245576560828032
0.0031075943250505026
0.003481167303855209
0.004560963438375565
0.007653174756495195
0.0037446751669440942
0.007193067799774912
0.003730335382191969
0.0032408457373434276
0.0034221709955039774
0.003222954327297162
0.0031227915293197627
0.003365035275449959
0.005252691340484769
0.0033432815841912666
0.003192101848403114
0.0032473933854723505
0.003041831037752052
0.003116930782181324
0.0030421112638476053
0.0029776558121144075
0.0032563270567415857
0.0034869991712898852
0.0030567156793941336
0.003504219226687102
0.0029726930976645134
0.0031976428320283226
0.0041069930879547144
0.002991882641908547
0.0031880662721042114
0.005558683955280337
0.003345428099398823
0.004295525856960182
0.0032809097385121003
0.0028249890120290917
0.0032249898404953566
0.002958523136755086
0.0030804780098635737
0.003188321910359
0.0034785171873893623
0.0036268011486227407
0.003518852596736957
0.0042809482601854215
0.004007743239058965
0.0031017100179533117
0.0030568150121274744
0.0032426658854602234
0.0029909689796470524
0.0030991427326209357
0.0028546208346580267
0.00295505122277259
0.0030722718116844715
0.0033241106168950133
0.0033992069602560983
0.002697181324887951
0.005727733013211427
0.003999564576911452
0.0034122344037892174
0.0029076523714368103
0.0030510344811297396
0.002685113387861263
0.0029979288451826183
0.003390782473012631
0.0037845558455327057
0.003166454626578037
