0.0006471051735766859
0.000512707242116503
0.0003315115087314191
0.0002999576070796775
0.0003116636147656328
0.00033939056077096543
0.0003678925897427294
0.0004232732808236591
0.0004531961862671046
0.0004990373463204221
0.0005586690594021873
0.0006345651114240902
0.0006835808811145957
0.0007741484716482293
0.0008543068165925753
0.000957740506084029
0.0010965742532265013
0.0012663704535421612
0.0013979041575251866
0.001620568812271922
0.0017561659893572108
0.001965319469208351
0.002279168163157637
0.0025396097925829975
0.0029160566270449075
0.0031444787292842394
0.003638340294978508
0.0041916878581786535
0.004402063859361555
0.005223871688341045
0.006015622821786486
0.006530005098512389
