0.05899968365606702
0.052333632085563034
0.06572257739680118
0.05639472383524427
0.06379631801908626
0.059749208511924196
0.06142674735376667
0.06279259913536452
0.056431665360706956
0.06199617895288114
0.05565974766376327
0.05766430913419672
0.04877825133386504
0.05997772572787953
0.057787916584032824
0.0549925095004933
0.06046466914411941
0.05829464887455891
0.05464107444909251
0.051288700739073496
0.05926237136238056
0.05494735188848053
0.056639803818419175
0.056464811540008195
0.055176894610057925
0.05531736986937476
0.054483872728225205
0.057809282453078426
0.05376105699245644
0.057289141306805354
0.042253346195377316
0.018372608518336067
0.013057741816247175
0.012082776816344684
0.01158306134445244
0.011430540624868616
0.011114650825332861
0.01025618017238673
0.01063979790999017
0.010443085765722034
0.010534360272437508
0.011636621748120786
0.009755908038723544
0.007629854569611861
0.007715650638210071
0.009366829174658814
0.010374584510810813
0.007671893063781361
0.007996655670280241
0.0077959218728796435
0.010042740089521475
0.009051695307987054
0.008628963068679624
0.008051414242404955
0.009041955230857004
0.007948967823405552
0.009256909600845346
0.00835911981667277
0.00815120100360695
0.008863861082491905
0.0074153946358244
0.007564904984354463
0.007828576815493793
0.007802910994477169
0.009036909359974232
0.0077188505714498494
0.00921650761544394
0.007829670016516492
0.007941253274663487
0.006040661967298877
0.008123570394605024
0.008676910832653359
0.0076755847443877945
0.00785107791547189
0.005996716605581793
0.006844463471110914
0.006286674585336844
0.011843043136572176
0.008028225793284346
0.007452055094478049
0.006787374096105925
0.008155195451743136
0.007899398245373026
0.006753514361570411
0.00856493822891267
0.007033729481127999
0.007417478113208919
0.0077693704125464435
0.007882830132967932
0.00786254138829429
0.007901658388731081
0.007474004274266004
0.006333203252260172
0.008097088801232428
0.006684324265591109
0.0068735876519033295
0.006281700656234377
0.00761320179312844
0.006955923208077822
0.006050118422913993
0.008106164470287074
0.007970414742258855
0.006426629957098562
0.00677107924027351
0.006678857411724892
0.007372148910080421
0.007800551032883373
0.007277990339011257
0.007226186536107742
0.00808349066905107
0.007121112795465116
0.007207114936296448
0.006432751208412538
0.006558148690103902
0.00766771119526127
0.006922974386211042
0.006183171250706117
0.007719738584145649
0.007422854999341472
0.00718603907700206
0.006757125053574394
0.007889562355326523
0.006808451105437628
0.006215748064414413
0.006015742472593136
0.006535367327596214
0.008777640526187746
0.007183272611798478
0.006078697243214442
0.006506383174270381
0.00740674647391636
0.007665598910262247
0.0070583045511848335
0.007248829140054055
0.006884393799345424
0.0065840944684959065
0.006358084748590658
0.006125375338468599
0.00662484111857107
0.006887149000222087
0.00700230788990414
0.006971307723180824
0.006774590758958653
0.0076722201217822245
0.0061416470824805355
0.006285408019608808
0.00641701720394011
0.005985151431385919
0.00743539274119936
0.007854575051196628
0.007221065767770825
0.007180532767879515
0.006239230220617242
0.006108619372610243
0.008079157755956532
0.006111790454307264
0.00700756208698635
0.006853359327381232
0.008670669261471644
0.006394390729020528
0.006317631704497329
0.005782703421805019
0.0065553377129352036
0.005695939220227336
0.006201776054834734
0.006614226753817355
0.007199083112255663
0.00666556052201077
0.011509651592008296
0.008424146971813568
0.00698896087636327
0.006607136066827735
0.0070810893344826304
0.006461913951943813
0.006809408041944619
0.007774829797628545
0.006150758764800294
0.006059769789061739
0.005312792794686944
0.005855442006400375
0.006435392433238976
0.006334929495549774
0.006457180373064567
0.005915246868197813
0.006847164717955037
0.006229910910099462
0.006689120002621994
0.006024931323392341
0.007035636457569691
0.005861325247079389
0.006435048542214794
0.006716489984696619
0.006140367928473802
0.009259395014009813
0.006515590000118492
0.006677590739119306
0.005777700434108387
0.007656085435283625
0.006643773745956886
0.005894702408113517
0.007448916688588908
0.008291071409406228
0.006020152186227121
0.007827657396058825
0.0067111631766095066
0.006535859975819075
0.0063027106005576795
0.00588817273004788
0.0052705185508795
0.006265804119785718
0.006626441920427292
0.009680766003127454
0.007724253256929069
0.0059767508011530175
0.0067398156198997345
0.005173313686890573
0.005476129951987987
0.005743327569447576
0.007810522799176506
0.00619150326386258
0.005688187526658872
0.006234709008464726
0.005546406472920639
0.005413626339899163
0.005741311330195649
0.005880810430961005
0.004631733322670432
0.007082913342770887
0.006592286071148858
0.004899605452793752
0.007030420610179762
0.0058445276207772815
0.00638251468926308
0.005561963898186007
0.00605543281205874
0.004924811882763483
0.007131594897043797
0.005188773292328723
0.006940287784655833
0.005433085165193656
0.00614419329054924
0.00579681493629037
0.009887220936959037
0.0071776981379624025
0.006875486567728518
0.006144452195009391
0.00502154385757786
0.005710572060672845
0.005814571523886742
0.005704204018468871
0.004531974127156004
0.0056452072529738755
0.005140449728577813
0.00534223987413954
0.006291807136964489
0.0055039413979674654
0.005737163570220321
0.005444494837868657
0.005864069536962713
0.006186559118987986
0.005150996727229284
0.006144255765409415
0.006487348192473455
0.005615651262954596
0.004873363076230033
0.0051142954975427635
0.005145260682987914
0.0072577624555702465
0.004822640751500715
0.006631855010035385
0.005604207721514425
0.004680119347165614
0.006030136009899303
0.006482174750618037
0.005455828345328838
0.005651995681205761
0.006200358594793038
0.0060199486333828885
0.0052864229517935665
0.004791777067789843
0.006509745696767526
0.004828428612114628
0.0061283903510928025
0.004033245281765433
0.005806911424541853
0.004968284949100461
0.005793627867924681
0.0053330405239427415
0.006261588552354552
0.005422809399581124
0.006512969571777466
0.005154771611108863
0.005188569757688009
0.00548514545993698
0.0047752965959020075
0.004869824784200932
0.005448885613656516
0.004820601571999204
0.0048297853796605075
0.005133025096607314
