0.015214968887157738
0.019882630901411177
0.022165027083829045
0.02085552390664816
0.024326679417863487
0.021453941711224615
0.020159855280071498
0.019367149053141474
0.01851429098751396
0.018641623980365694
0.017841950082220136
0.01763291990850121
0.017104394109919666
0.01667745942249894
0.016369184157811106
0.01634178124833852
0.01585951861459762
0.01562696329317987
0.015587241589091718
0.014728460144251585
0.014912123112007975
0.014605852421373128
0.014859034614637494
0.014039714494720102
0.014471619362011552
0.013701013622339815
0.01407962717814371
0.013492750991135836
0.013734177097212523
0.015728613128885627
0.013806617478840053
0.013021284262649716
0.01279941712738946
0.01376103974878788
0.01231864434434101
0.014736838478129358
0.011546349143609405
0.013671962472144514
0.01086711285635829
0.013481974436435848
0.015313648658338935
0.021940506431274116
0.016535873450338842
0.015174862358253449
0.011582557957153768
0.010325040244497359
0.009966506087221206
0.009807278597727419
0.008811815346125513
0.010451672137714923
0.011056833597831429
0.009545152264181525
0.021230846480466425
0.010655215897131712
0.017958428184501826
0.010560839714016765
0.010686387292807922
0.010474767171544955
0.02072911229566671
0.04404178258962929
0.016758886305615305
0.013467001328244806
0.012608903374057264
0.010421426508110017
0.01167191833956167
0.013614900740794838
0.010698840058175847
0.007973467753035948
0.009774747459450736
0.010188858869951219
0.008688684527296573
0.007502125940518454
0.0075397507683373985
0.027785654901526867
0.015062048258259892
0.01032948516542092
0.01001533550559543
0.007554847173159942
0.012266473936615513
0.012429559071315453
0.007915064686676488
0.007878355295397342
0.006969741981010884
0.00895262899575755
0.006039918112801388
0.008562778920168056
0.008196863565244713
0.006381653915159404
0.006404393686680123
0.008894482005853206
0.006344033682253212
0.006464777202345431
0.007412569462321699
0.009292259844951332
0.0083335246774368
0.037854162232833916
0.0317039854824543
0.02068846413400024
0.01568654895760119
0.012174179770518094
0.013863691370934248
0.009099061081651599
0.022085904446430504
0.0101223608921282
0.014456343178171665
0.008023930201306938
0.010871557648060843
0.01851766839507036
0.01025562706287019
0.007439822143642232
0.011611926528858021
0.011208996574860066
0.008637913186103106
0.007154517596354708
0.008678490796592086
0.027709466179367155
0.00899613508139737
0.006468124819220975
0.007306044159922749
0.011535475024720654
0.008410803087754175
0.006450946428230964
0.0057738118013367055
0.009934078509686514
0.005794787302729674
0.026588158421218394
0.010979756396263838
0.007590002162614838
0.006580763559322804
0.005530865213368088
0.007800972388940864
0.006068869783193804
0.009494540216401219
0.0063721688487567004
0.008798662274493836
0.00871013745549135
0.005353191212052479
0.015114367472124286
0.012713585006422364
0.011486619669012725
0.006837730994448066
0.007006120505975559
0.0054480617097578945
0.004752518431050703
0.009650073228986002
0.012369045412051492
0.005081150399637409
0.009268655930645764
0.00948626232217066
0.014055406753905118
0.006019646166241728
0.006820942847407423
0.0070961415435886015
0.005481579176266678
0.01048546191654168
0.059802761813043614
0.01987843073438853
0.015453917388804257
0.011970237409695984
0.010057622448075563
0.00846927850972861
0.00920829473179765
0.009535184864653275
0.007949114214861766
0.0077242354222107675
0.007389000465045683
0.006742669433588162
0.007176714886445552
0.00618107934249565
0.005055416284012609
0.004810112090490292
0.007351686028414406
0.04978836257127114
0.06828935479745268
0.021507516149431468
0.012834422821179033
0.010284325586399063
0.01000200019334443
0.012825188625138253
0.007130931786959991
0.006667186613194645
0.029418593680602498
0.05142413606867194
0.01722072238335386
0.012622498888522387
0.010762406173162162
0.010255022412166
0.008889338880544528
0.006843897370854393
0.011407937357435003
0.006073904638178647
0.007122673648409545
0.0057476692867930975
0.008999502765364013
0.03547738435387146
0.016021260323468595
0.009711884777061641
0.011242653805529699
0.006841705680126324
0.005608677523559891
0.0053100293735042214
0.004717658592853695
0.004288194106193259
0.006212194791878574
0.06472227320249659
0.04660960903391242
0.03578457321040332
0.026711992463096978
0.017035979370120913
0.011182226384989917
0.008267136710928753
0.012089349963935092
0.006770066317403689
0.02061487708007917
0.02643229383509606
0.016029214768204837
0.009024253998650238
0.00757805956993252
0.008238182839704677
0.005411245084251277
0.007521209304104559
0.005545019970741123
0.0050703115033684295
0.005809571099816822
0.009470582698122598
0.0045161699177697304
0.005939562997082248
0.015714710156898945
0.01591274224338122
0.031504598545143384
0.02527043522335589
0.010864102818304673
0.007269892464391887
0.006082870163372718
0.010611386903910898
0.0051921448757639155
0.005498541489359922
0.004493316328153014
0.005032420437783003
0.0039119283502805045
0.004343372616567649
0.006055450572748668
0.0047331859642872585
0.008447400173463394
0.009123716064495966
0.007713891866151243
0.007337301203515381
0.004335190983838401
0.027215297347283923
0.00991053596837446
0.013089245134033263
0.011644357808982021
0.008331356808776036
0.0058919687703019
0.004958530453732238
0.010073934919782914
0.004408404190326109
0.004087852058582939
0.011788538094842807
0.015787899658316746
0.012475350652821363
0.006301911880727857
0.00467372278275434
0.013220925940549933
0.006680074602481909
0.007102639830554836
0.00437088881386444
0.005041612360510044
0.0038315544067882
0.0037836676667211576
0.003921960248844698
0.010204545970191247
0.005039469448965974
0.007902153428876773
0.008654655110440217
0.004589371632318944
0.015346567773376592
0.011767729668645189
0.00577139031724073
0.004502852514269762
0.003702306661289185
0.003574818294146098
0.03657040783931734
0.04357872835360468
0.019349212679080664
0.02554916178341955
0.02275543033145368
0.013609652547165752
0.01025202582590282
0.008276061504147947
0.006864043059758842
0.007508426221320406
0.01036085243918933
0.0061507360986433925
0.004972639312036335
0.007039238986908458
0.005463790203211829
0.019096481376327575
0.010568448399426415
0.0065519617113750424
