0.3723492041647991
0.39563122113174365
0.4282866295810058
0.4777525646664272
0.561924111620288
0.6802196792352979
0.7945334733089554
0.8023829265175578
0.7033707945146294
0.6271119412974776
0.5910948620778378
0.5648568328295913
0.5587136753808672
0.5620300884001723
0.5459093933350572
0.5428831482602057
0.5523653088886047
0.5690541623908782
0.5656258374731117
0.5666640272764402
0.6713005953303007
0.583805530149246
0.5969080139543409
0.6326769648868347
0.6356543021224369
0.7169011380070838
0.6702279935930376
0.6745059250671173
1.2359323340041615
0.713761448581642
0.7303373771850193
0.7616812762255981
0.7721348789250739
0.795865597011887
0.8227713250111197
0.8498788038703883
0.88154538407504
0.9425059640518972
0.947609899478538
1.0439632030848032
1.0138192633602108
0.9874176098921589
1.068164489536642
1.2313904397398512
1.23198152813956
1.1882955078209672
1.332309274472923
1.4520263273582281
1.4386228971949249
1.3492381525373904
2.3159196140053115
1.2908027617730826
1.2630608274000827
1.2533581596668635
1.2577599395658368
1.2394949999925131
1.272826017341881
1.2207483323377983
1.2329153073168246
1.214938715518078
