0.0003821235333224026
0.00032104358777612245
0.00022594595000637025
0.00020724096027427888
0.00021979918305357492
0.00024653081729840697
0.0002799416451966948
0.00032721512503172044
0.0003643854565797234
0.0004237173360594538
0.00047168794654009775
0.0005174513322201798
0.0005921503532876711
0.0006741657256879513
0.000703260107755082
0.0008186791369025264
0.0008746474523058908
0.001034979229533089
0.001064026922951993
0.0012181611731212432
0.001367228230799824
0.0015833141691616495
0.0017968151560977576
0.0019348776826900098
0.0022269165564558647
0.0025438000735816327
0.0027601700271776275
0.0030734293609299464
0.003590342989854152
0.0038601747131470437
0.00422625142072889
0.0051979606527284014
0.0059600768249816775
0.006011592498056116
0.007016257435250818
0.007597210666614721
0.010135234811444408
0.009301185675928096
0.010211687399883674
0.011261237561981776
0.012652701377338461
0.013226322463472908
0.014582000102512958
0.017420677014727718
0.017477559710570266
0.019679302600829788
0.025033879857719613
0.027693914371622858
0.02686607674433944
0.027492223265633154
0.026601157231388915
0.026661550263396363
0.02615530493107628
0.02680443866310941
0.026087206240729445
0.026180458732981807
0.029606680950840538
0.025867465119599628
0.03397355153668351
0.026110566915309386
0.025268247675443632
0.025947761146372622
0.025637823146548163
0.02531025432789705
0.026688028011847748
0.02495085085613116
0.024691376803714908
0.024322314421587
0.03293876433640384
0.027710592266074505
0.025400776475361
0.024207934423276546
0.02405431998147165
0.02487383877739924
0.024000806200286644
0.03137261293870344
0.04161473149468613
0.04580956934654757
0.02739284619382035
0.026125643747659882
0.025741491683022807
0.025244912038442126
0.025457353013731567
0.026319538877949064
0.02394023664951436
0.023390253064002883
0.023635285006563984
0.025141099296956695
0.024429781163592686
0.022649292701555326
0.022886694081071832
0.029644552883360716
0.02517122360930014
0.02597446016241772
0.026017610140647112
0.02176025753652447
0.02136053444210733
0.021601948827812065
0.045477910494006304
0.029142404163486502
0.023624303262359862
0.02463042125287239
0.02219651877349905
0.02368022459262654
0.020763000525701583
0.021813223323320852
0.021246493724262
0.01996276622170701
0.018624323322559786
0.020392644100505092
0.02129133991297153
0.01891736995972944
0.02029466350677978
0.01928739401787408
0.018782436052400073
0.017941723047487076
0.0163900972124231
0.01782322209677223
0.017247962017198293
0.06666404218500138
0.04138337559858511
0.0288954981871312
0.025617262875235705
0.024190232851839022
0.02256880568389254
0.02171148700911677
0.04840688434279478
0.031568112336657246
0.0255009498349513
0.026106121102243328
0.028934926153875693
0.023797280692289608
0.02127553229237652
0.020091411232083255
0.01915403428637468
0.01734120012104009
0.040338806281291814
0.02636940801020865
0.02114985477569956
0.021834718412283655
0.01703502834610613
0.0879235602426953
0.046737980132413266
0.029267423789711033
0.02513411303472876
0.023346086569855946
0.021741547028809673
0.02066380543152938
0.02149422306651145
0.017970474258986083
0.01781958036738612
0.01747935200772817
0.01618605756727553
0.015998529599916735
0.021577563597245164
0.017448597430680574
0.01493146630834216
0.014905621665651991
0.01624420631593198
0.01578080216911011
0.017821081893079068
0.0335779301874507
0.015833455484974363
0.013976431652303604
0.013398151520346657
0.013911159140535732
0.014747095862856965
0.023671052854661638
0.016441571053591897
