0.0007996638036247566
0.0007364123829462555
0.0005025601424128584
0.0004421073831321344
0.0004507630436911426
0.0004783001580547667
0.0005413843532466096
0.0005668941346757561
0.0006272886968688683
0.0006824741254461238
0.0007431419969149185
0.0008323762640191333
0.0008812420875050323
0.0009698948678159424
0.0010597206393173069
0.0011685033856842263
0.0012813185767640363
0.0014355056197556915
0.0016024964783089549
0.0018503229392776161
0.0019649518392142956
0.0022754777525464415
0.002522226924003426
0.0031008398673089033
0.0033041149188593475
0.003959102533000769
0.00391203648112505
0.005040517788858254
0.005016935204438279
0.005788891055631671
0.006575018354981078
0.007455543543417913
0.007727173812799016
0.00896539284293069
0.010200097837767909
0.011714367741851436
0.012508538272580628
0.013467376734294025
0.015712551207522327
0.016608210264841158
0.019351035429771696
0.020238304573498414
0.02346545961870348
0.027865676450009428
0.02986470561767562
0.03741981216081966
0.03706200232499101
0.044267288517304576
0.04477407887912868
0.044163450222001986
0.043345491468125066
0.04353281869535589
0.042867486215151206
0.04306021231585897
0.04343736670520645
