0.024462231881916523
0.023546864425297825
0.023938100812956692
0.024428870044648648
0.022456560651771724
0.023242056942544876
0.02231565538328141
0.024355915659107268
0.021108847693540156
0.0205785499420017
0.023496910966932773
0.021224136140663177
0.021395667172037065
0.022391861015930773
0.01772098169894889
0.01742221335414797
0.015266049525234849
0.01475618452532217
0.012190964038018138
0.01314166571944952
0.012313683577813208
0.010656791382934898
0.01209497797768563
0.010071962270885707
0.01129080176819116
0.011044927686452866
0.011147584880236537
0.009108615877339616
0.010346807586029173
0.009979897777084261
0.009962636483833194
0.009705699279438705
0.009126243297941983
0.010671320299152284
0.008873908455716445
0.008701507723890245
0.009096828857436776
0.012160153163131326
0.009137555693741887
0.009139489787630737
0.008516931338235736
0.008603323283605278
0.007233539044391364
0.009344997785519808
0.009679103237576783
0.00864359330968
0.00876298415591009
0.007659003816079348
0.010123099505435676
0.009330114028416573
0.009644810216268524
0.008114100978709758
0.007701395126059651
0.008410801938734948
0.009274348547914996
0.00867558763595298
0.008196149757131933
0.007923017792636529
0.008054758702637627
0.008101222444092854
0.008663337306352333
0.008117327702930197
0.009563558616209776
0.008435421856120229
0.00832421995117329
0.008120645575691015
0.007711546187056229
0.007956944744801148
0.008354314827593044
0.008140402570134028
0.008636242721695452
0.011239417460747064
0.008166572670452297
0.008347614774247631
0.00745628125499934
0.008419534811982885
0.00803467487799935
0.008639427958987653
0.007625570473028347
0.009320338557008654
0.0073002361541148275
0.008008654544828459
0.007998626491753385
0.007518109751399607
0.008406854887725785
0.007115440386114642
0.00841031880583614
0.00964164899312891
0.007481087601045147
0.007736430108780041
0.00820011852076277
0.007885572345694527
0.0071056567400228235
0.007031458863057196
0.00952492089709267
0.007893625691067427
0.007857066347496585
0.007962297708727419
0.007839991434011609
0.007698241188190878
0.00683106329292059
0.008178842003690078
0.007854954758659004
0.007342972410842776
0.0074363065010402355
0.007266400055959821
0.007542138304561376
0.007545549343340099
0.009502516251523048
0.007856928128749132
0.00812606884050183
0.007404985907487571
0.006526401496957987
0.0074908594496082516
0.008573867698432878
0.0071800010092556476
0.0077800951385870575
0.006811961319763213
0.0072993792197667065
0.0070686420565471055
0.007170993946492672
0.008171684083063156
0.007350989013211802
0.00789634948479943
0.008642524937167764
0.007574697632808238
0.006944494124036282
0.006131461643381044
0.00738267001695931
0.007971053597284481
0.007692298985784873
0.00881735107046552
0.00662344754091464
0.007589759931433946
0.008305323197273538
0.006550994198769331
0.006939852421637625
0.008548460935708135
0.0069388766086194665
0.007337422141572461
0.007366421831538901
0.007198770614340901
0.007628983804024756
0.007706235942896456
0.007354014206212014
0.006915345406159758
0.006865017239470035
0.006613873833557591
0.007014882840448991
0.007772760516963899
0.006756487950915471
0.007401538472622633
0.007229052555048838
0.0072844887024257335
0.0073770542175043375
0.0077040235744789244
0.0070354877482168374
0.00719102420262061
0.006753199800150469
0.009569321606541052
0.008311256110901014
0.007394622700521722
0.006521885625552386
0.007112464818637818
0.008068810906261206
0.007179563787067309
0.007349381070816889
0.007610378320096061
0.007564421511488035
0.006611446772003546
0.007518085448537022
0.0068595932947937395
0.0077387439773883675
0.007341474535642192
0.0075283658341504635
0.007193271002033725
0.0069666975212749095
0.006412806602893398
0.007598648918792606
0.006629870148608461
0.007685693645616993
0.007025598926702514
0.007060644925804809
0.006307506875600666
0.0077639168035238985
0.007629289915785193
0.007328580702887848
0.007906328673707321
0.007024201827589422
0.006675307538826019
0.007095871703932062
0.0066687081090640275
0.006416834713891148
0.006607258217409253
0.007268517807824537
0.0064843146351631735
0.007260576377157122
0.006207118750317022
0.006271696627372876
0.0068471449636854234
