0.01627745497971773
0.022959476951509714
0.031770810279995204
0.04356920540332794
0.054932207725942137
0.054216472804546355
0.05276491995900869
0.04605516564100981
0.03547453448176384
0.032129927352070806
0.02974794078618288
0.0277340298704803
0.026094178538769483
0.024901967979967594
0.024093812704086302
0.02370443845167756
0.02315260149538517
0.022571590011939407
0.022388706672936676
0.021985071850940584
0.021669246032834055
0.021506501324474812
0.021376902516931296
0.02118157150223851
0.021292582359164952
0.02088938838802278
0.020760343801230194
0.020610539894551038
0.02053208979777992
0.020530595714226364
0.020275090150535108
0.020418786462396383
0.02015572799369693
0.02002021450549364
0.02003549369983375
0.01996776127256453
0.019960327614098786
0.01995402597822249
0.019739084523171187
0.019640140868723392
0.0197971204854548
0.019640002446249128
0.01951805431395769
0.019440792677924038
0.019531903974711894
0.019381787972524763
0.019295738283544778
0.019454203359782696
0.019363420670852064
0.019333616802468895
0.019149718545377253
0.019179340172559022
0.019123737541958688
0.019103898713365198
0.019006468709558248
0.019131748052313925
0.01911673684604466
0.01886528971605003
0.01899020291864872
0.019049065532162787
0.01893382353708148
0.019123008018359543
0.018791267946362496
0.018760784240439535
0.01878323020413518
0.018941771304234863
0.018839577361941338
0.018617443023249507
0.018608399601653218
0.018687591226771473
0.018554656384512782
0.018669288316741587
0.01848918399773538
0.018559546936303378
0.018694363590329884
0.018569393809884788
0.01854602470062673
0.01858630506321788
0.01849917755462229
0.01856165684759617
0.01855657536536455
0.01846440277993679
0.018271384071558715
0.018308360939845444
0.018295713867992162
0.018512771027162672
0.018275868156924845
0.018306233128532766
0.018384032119065523
0.018288422990590334
0.018324380656704307
0.01825799385085702
0.01819279696792364
0.01812717673368752
0.018304316690191627
0.01817037856206298
0.01822409532032907
0.018284498918801545
0.018103084890171886
0.018112957058474422
0.01816004380583763
0.018013841323554516
0.018169884998351336
0.01797910244204104
0.01798059668391943
0.01797427865676582
0.01796312749385834
0.017911192011088133
0.017920284271240233
0.017988712722435594
0.01787020856514573
0.017814185889437794
0.01783894176594913
0.01785317965783179
0.0178189433272928
0.01781165280379355
0.017643505716696383
0.017778453016653657
0.01757905709557235
0.01768327869474888
0.017731606252491473
0.017622577091678977
0.017564196968451143
0.017509604562073944
0.01747211627662182
0.017324580643326044
0.017300611957907677
0.017161923516541718
0.01715652836486697
0.01710442518815398
0.017107414370402692
0.0169500851072371
0.01696796353906393
0.01689915974624455
0.016562493527308108
0.0165235616825521
0.016487918514758348
0.016390069872140884
0.01635740605182946
0.01639823934994638
0.016064631957560777
0.01602384683676064
0.015883398838341237
0.01582308762706816
0.015933111244812607
0.015801981799304487
0.015753620974719523
0.015543202273547649
0.015640358533710243
0.01541273227892816
0.015447504557669163
0.015368461403995752
0.015368298552930355
0.015251297680661082
0.015247175516560674
0.015233508246019482
0.01510652780532837
0.015148431453853846
0.01501377928070724
0.015087557695806027
0.014956447957083584
0.014955646293237805
0.014967012414708734
0.01489237560890615
0.014927007909864187
0.014863018859177828
0.014741797810420393
0.014683478670194745
0.01479572563432157
0.014668251257389783
0.014695149809122086
0.014539043083786965
0.01465546795167029
0.014562741899862886
0.014509144751355053
0.014456618409603834
0.014405146529898048
0.014322855416685343
0.014560394398868083
0.014422699529677629
0.014384402241557837
0.014125754600390792
0.014319054055958987
0.014220506316050888
0.014288003575056791
0.014179726894944907
0.014308681469410658
0.014159308988600969
0.014263474978506566
0.014043162046000361
0.014184296624734997
0.014139914410188794
0.013933380767703056
0.013951246766373515
0.013854978131130338
0.013863016087561846
0.013878458822146058
0.013847304368391633
0.013732979753986001
0.013797540375962853
