0.0009923629871033362
0.0010410493662545508
0.001130351242539161
0.0012916004609126372
0.0015329293404257832
0.0019780108699965888
0.0028044549612137155
0.00405208633154481
0.005248581162179887
0.006553639235789888
0.008103198247096901
0.00986061678850092
0.011839533630076662
0.014760944917465426
0.01802938466010216
0.021728790593832464
0.025270084800597812
0.03080056333315692
0.030506699803351824
0.030859768964416747
0.030864202533848584
0.03037247420122315
0.029778049992663518
0.029810145996244892
0.030022351586792086
0.030049399439511553
0.029106248078668222
0.029799678570790484
0.02921357426592814
0.028498885080417886
0.029817931686661074
0.029327754089276174
0.030021922662854195
0.028964679605061456
0.029366111549149667
0.029656731914396266
0.029254244407638907
0.02958646907271551
0.029039629818206385
0.029614721291831562
0.029208247932339355
0.028789368175369288
0.02973445751039045
0.028945058451167176
0.02968479774426669
0.0289640235049384
0.02944871987814882
0.029302440043206195
0.029009643027425876
0.029003736662811468
0.029238581025440778
0.0293088227044791
0.028834945572141026
0.02898110919964633
0.028728649011879628
0.02936697268991598
0.028932148457637856
0.029146019319471504
0.029057818373465643
0.02946474334956812
0.029280932212714106
0.028767141347218837
0.02887504980234163
0.028977836897995855
0.029042080011484877
0.029042337588699802
0.028731900816118077
0.0286588770603495
0.02885274449363351
0.02865495317382738
0.028654097097127566
0.028767732354546233
0.02879280596971512
0.029331486306286285
0.028521395421453884
0.028526569018140435
0.028996918225727444
0.028576764128436998
0.02878260861949197
0.028549123131337444
0.028398414674614156
0.028808894849914526
0.02876056163638298
0.028714771415772184
0.02878115011844784
0.02894469994186823
0.028787869161793163
0.029276144757334675
0.028581044453728412
0.028836100811271796
0.02845274076597499
0.028891631227452308
0.02831580306103985
0.0284077729364591
0.028473860334738026
0.02869282218827201
0.028569748292544057
0.028429638777327324
0.028301059434722577
0.02858563670555928
0.028535948268004825
0.02842937014065683
0.02833033778837749
0.02835231480587806
0.028396281646564603
0.028189039647778764
0.029039919226696447
0.028769582210640823
0.028244471460181688
0.028859905383017446
0.028063175243525102
0.02824511391476595
0.028770670860207508
0.02823329479100981
0.028878740084889745
0.02888508327305317
0.028086773385959014
0.027751133045447723
0.028690921733089323
0.02812283634973158
0.02772798344293343
0.028209272456089302
0.027686386036553552
0.027651449565642645
0.027702305632244264
0.027740111782415106
0.02888964846663709
0.027543025831359307
0.02844553658672209
0.028627058000503375
0.02844391779841057
0.02824854351846235
0.02802302867972425
0.02830822713440284
0.027596725500188768
0.02813998200664563
0.027467606522675072
0.027729032544552216
0.02795627560200436
0.028156680720193044
0.027743041581873382
0.02787752534329359
0.027426199671546265
0.02843586792836764
0.027730382546516403
0.027842858490268036
0.027610420282664045
0.027432452446581528
0.028651184019898728
0.028732333382192467
0.027936965277019356
0.02805564205794196
0.027866795459496125
0.027147402038930783
0.027682316115325584
0.027579236808898195
0.027572908097811575
0.02779626227649195
0.027033162602622594
0.027946128975600004
0.02745735291058996
0.027447153489837155
0.027736790578014085
0.027503421713065888
0.027777267869428864
0.027801008013609265
0.027023998737734343
0.02700272116011807
0.027692825766280293
0.027654766096800034
0.02756260907543557
0.027302670475494648
0.02739654155448079
0.027230837249330113
0.0275411099428311
0.027530889284597442
0.027337841307079152
0.02717186257775341
0.027383371655430113
0.02699008319593434
0.027021544037519822
0.027265212149359286
0.026786203471211984
0.02703993868947561
0.027338224978718375
0.02728008887996631
0.027214649482630193
0.02730298350797966
0.026719843469826237
0.027311400992662778
0.026361646571396186
0.027012941377636577
0.02709827558802707
0.027238905421524708
0.02637042908463627
0.026872056403330395
0.026790043688379228
0.02663143995284502
0.026396530846666013
0.026051631172387197
0.02697397325287706
0.0269272218491616
0.028437681230051175
0.02679560220401202
0.02679387028495382
0.026257225836161524
0.026780331806678857
0.026104917708185633
0.026323698294748153
0.026377622902925526
0.026399966196290085
0.02641522917630417
0.0260458109301648
0.025806886992151185
0.027039327076636255
0.02665171552715557
0.02687492183343108
0.025726014498754272
0.025979300096098865
0.025430652645549605
0.02569052271012749
0.02629931169628565
0.02541306450231267
0.025788523589393923
0.025859391316771507
0.02560219808947295
0.024758456241605536
0.025131393490093096
0.02567007304501853
0.026688080613634417
0.026100854871661534
0.026621427204060768
0.025517494667188396
0.026645271140815958
0.02480851306713053
0.025760873802937567
0.02626754325215838
0.024791059815990075
0.02483076836714255
0.025521840501044477
0.024988251497104232
0.026000722535952394
0.025042599956837615
0.025165310611815324
0.025170376989990473
0.024580342828163078
0.02462817760117884
0.024881582424443747
0.025672496279834638
0.02576563839933702
0.02502489006812019
0.025149369911689843
0.02495443692896515
0.02458766335621476
0.02499351141575192
0.025171928739707385
0.0246709587850741
0.025001176366848604
0.024499220457593247
0.02490948193839618
0.024637946875632873
0.025299439506073083
0.02493661765142211
0.024445021957425133
0.024660231628721312
0.025610208361675695
0.02546896753899221
0.024782707365894958
0.023971229325979948
0.024156167870387435
0.025104850497362868
0.02421864293449159
0.024324640831244842
0.024611487735195885
0.02469743539612474
0.024349538276770284
0.02408890100196004
0.0248233851328093
0.025098052507798587
0.023872427342991744
0.02485880142609988
0.023906632509481694
0.024241257841432735
0.023334381968847344
0.023629075731150806
0.024127055242258524
0.024540332328927304
0.024238231043065234
0.024661389345835363
0.024257578304968774
0.02400551683136395
0.023679920488835444
0.02277041898508157
0.02322981255461595
0.02370596394341971
0.02362663423575993
0.022721349677470113
0.023938991079506065
0.02337814904084163
0.023131106414699128
0.02379457003969167
0.022660942947758094
0.0226787214383616
0.023289899541331188
0.023236315514493202
0.02327410422731191
0.02436192534930472
0.023872823105193675
0.02343743189703673
0.022256405126037344
0.022307390330492387
0.023711911186442843
0.02295471598128123
0.022986486487622772
0.023114211674380516
0.02365254091897181
0.023294708857844983
0.022992929094471037
0.023519896735836352
0.022631167650355825
0.022157885849342814
0.02232164979380156
0.02358382980206183
0.02286650040852172
0.022527667876732136
0.0232032184721902
0.023461301827670207
0.023039847213242735
0.023242487156364535
0.023105994033228074
0.022870015768733407
0.0231287709071434
0.023261654074303806
0.023696192540228367
0.023510763188824058
0.023539751136143292
0.022622896557939903
0.021966312130514
0.022049529012292624
0.021858750360219607
0.02202747414620327
0.023860882335741605
0.023771337075491568
0.023071422540981854
0.021807066780248924
0.022156711501468505
0.02224158969641264
0.022674555258293237
0.023002121614159217
0.021933360840193927
0.024670310002485558
0.0232909783454878
0.022426039296468452
0.02186506792038147
0.023156381145651852
0.021224026252249523
0.02223941554049296
0.023542344603421434
0.023183040636857704
0.02206304162142
0.022006975819489787
0.021523205430379937
0.02206814773048141
0.0217245764132323
0.02151366284981902
0.022064612014219165
0.02242439820630742
0.02168947920602347
0.022842380999853567
0.021249424666166306
0.02214937745260873
0.02279763524087944
0.021949913103266487
0.021783769646260356
0.021864094671660235
0.021348100122330443
0.022309005792651857
0.02238970186694392
0.021233214597616876
0.02230702756371881
0.02135330277295517
0.023050217290541956
0.021972686584506716
0.022191542766190002
0.02148261825953211
0.021239691131216074
0.021420325584975735
0.022611468099057674
0.02226057575483407
0.021010619588196278
0.021372104130153145
0.021500084133419608
0.02128799620550126
0.02180451706850103
0.021915541945158372
0.021343316350664412
0.02134782579793994
0.021793441497720778
0.020716572413221
0.020700993698223362
0.021066002614263977
0.021654381516522596
0.021255321002432277
0.02136496063654444
0.020936931100940064
0.021481376374140382
0.02075304455190365
0.021291032383617545
0.022199232297550355
0.021019610493177816
0.02138176961203239
0.02140563224176211
0.020270096587150226
0.021231236551622196
0.0215937990495669
0.02120368485338986
0.02178723273599254
0.021329543819384917
0.019521742510343238
0.02114726401798959
0.02112102718092501
0.021258681613419737
0.02217157994995692
0.02202617415293519
0.02205949921959213
0.02064199828808861
0.02023398714871811
0.022046214934172376
0.020644666477372602
0.02053544658701867
0.020930930306868895
0.020612830412574112
0.020977981388568878
0.020672802963027998
0.021139782520809343
0.02131952333729714
0.021311559065777277
0.021199778553896716
0.021234200452454388
0.020656607296716954
0.02059206910364862
0.01991610639795129
0.020821369286360487
0.021046450744116946
0.02053046101770763
0.019653771155779914
0.01960955382258232
0.020428764484157518
0.02150353218894452
0.02010986634663173
0.020038688804821243
0.021120458558600928
0.01981181197334081
0.019920101472442702
0.02031347039155662
0.019609846324393793
0.02127116685733199
0.021383230474644473
0.020573776947068318
0.02192482032946178
0.021819303959741125
0.022384720222492303
0.019716974647183503
0.020811322394625416
0.020977290513526117
0.019859138477061476
0.019695967169744626
0.020552788927618946
0.01935405280840184
0.020696118041606888
0.019678104169932858
0.020117378061903373
0.019632114995537058
0.01941438712778368
0.019422584562562406
0.02107278590223619
0.021220852255022953
0.020836291477150683
0.021490539074875414
0.019980752325084592
0.020787514613143036
0.019926427414507737
0.01932605676951685
0.020643515046685934
0.02055652840395591
0.02063706685190222
0.020096171614048735
0.019986904642012502
0.019503323045293137
0.020201402599923313
0.01939934734920306
0.01953595913281398
0.021027422875964215
0.019736328943898634
0.020409914415462742
0.0206002827534186
0.019184550253807435
0.019475214698884104
0.01904276982947652
0.01972397949014391
