0.0003848650854836089
0.00037044571078869023
0.00031798523608752096
0.00028163253943163773
0.00028058163112523
0.000294892610020653
0.0003250445231506671
0.00035198761852438937
0.00039634004053014436
0.00041763443536428586
0.0004547140862982832
0.0004903482420811228
0.0005643391245513917
0.0006282770137907762
0.000717296039756241
0.0008268262839994711
0.0008772712146160489
0.0009628447027325854
0.001063628505901451
0.001200394047867186
0.0013150307263748212
0.0014533688167540865
0.0016430759935880477
0.0017138461805601022
0.0020026000478646755
0.0022838409361778324
0.0024849997897901004
0.002766807191030293
0.0030640092044406
0.0034928817824331506
0.003964102513083581
0.004420988700764205
0.004897693863612938
0.005683974030668314
0.006424433380811848
0.007695395559637567
0.008467670478631327
0.009187292696538377
0.009829672460691927
0.011162272506229552
0.012494482277902993
0.01434744374952122
0.015731344439005583
0.016872104954965106
0.019952401337440542
0.023156188735354705
0.026488888555307514
0.03037031710650144
0.029557910939671573
0.028451929482795325
0.027728181409087966
0.027474064379930496
0.02715190693261695
0.026831358503759575
0.026740773786766252
0.026637574040404198
0.026750322842921656
0.026359235355107303
0.02617158273004749
0.026200727894483657
0.026159966664479468
0.02597400002628007
0.02586892129651058
0.025912712244421578
0.02572305484462097
0.025918781377151888
0.025549973786742276
0.025362644096913186
0.025484504949036386
0.02518382758488146
0.024851339475045937
0.024762462224629935
0.024625872411810502
0.024472975377900323
0.024293059831980462
0.024140137195419728
0.023357774982096326
0.024358932159087632
0.02295919005106786
0.022606390807428833
0.022697230891676877
0.02381813254081801
0.02357783888846859
0.020186893139662366
0.025470990670168222
0.019829165776459018
0.026227452513179306
0.021796669804034163
0.019227319236579683
0.03573020109871912
0.021877424229871243
0.019764021865688684
0.030147253207806566
0.026037897712338283
0.019352153247075805
0.020790702869159898
0.017476057314596484
0.09265514555969712
0.06986052526182003
0.053780386524365634
0.04522797000709544
0.04063451232228163
0.037154744082733934
0.03449776501495963
0.03206534968333298
0.029586620147476036
0.026846070923887834
0.025065662660234876
0.023600906562687974
0.02232144055155556
0.021441150927560382
0.0211513935089502
0.02752562233487542
0.019182296019842785
0.01901913064528494
0.02395060256974639
0.019775493876234198
0.01854258965812484
0.016624592732959027
0.07033797501575913
0.03602157246447011
0.027978855272413193
0.02577676960312472
0.02454661340749219
0.023196627814950566
0.022230320278736535
0.020991118865485273
0.019917790593112005
0.025292170764215652
0.0269941682630822
0.020184910116710243
0.017933099235892855
0.016027665109293404
0.016735962271160178
0.015664676910663925
0.015735160329201248
0.017274761021360475
0.013039292797292774
0.01377807975631584
0.02185479055720378
0.014587759936737657
0.012862391523975
0.012182838210229124
0.015512417407169212
0.04250972600974673
0.04098810668518481
0.02364971430811766
0.022095193165574182
0.016343249625453117
0.01831494289718931
0.02267447477450755
0.026181304544796436
0.016454623225546174
0.012650119768602124
0.012267959354731362
0.01041614221258975
0.044333715459213274
0.026608511716587825
0.015845569485470598
0.02082941417795107
0.013653998633790831
0.013295285177002016
0.011378962725352092
0.011061109128069789
0.012884634478045593
0.012009404669428587
0.03833639557727993
0.059423858781209156
0.03334240232374561
0.02256457019625197
0.03201669550497322
0.015505736794894778
0.016709444339802204
0.010624533477291632
0.01052580868706721
0.01645273556374711
0.013820710268450644
0.035770758674288174
0.039254317244982226
0.014617016071572286
0.010276728811977285
0.01515234209952897
0.0089585761503013
0.010752345867845672
0.008755600406903397
0.014208391165772404
0.011242708772916193
0.02250970459598978
0.03309842951819022
0.013797747670613536
0.01423865482943614
0.00888413873113943
0.015314156396230787
0.019403451255763347
0.017387565455577347
0.022141798184870668
0.02584266880778282
0.04213390380409215
0.021464668887524345
0.03239473885915867
0.020838917564419326
0.03132583516604556
0.030101825228512066
0.016213401597453637
0.014017766102632221
0.014146292126957285
0.010275933234028044
0.009499311727063541
0.05085692023387534
0.06033496590756745
0.02665311388657446
0.01866208982901571
0.014487678350790052
0.014505550263568145
0.015097116413159986
0.03076312755328718
0.017210189846068733
0.00978101945607766
0.01041044782034439
0.013853627983445811
0.010934394026482094
0.011925710427961993
0.007827884678062651
0.02253584958585014
0.009699062922139293
0.018211726094892577
0.010027305326818694
0.020551944612821893
0.009000677673829796
0.056189528609755054
0.07363826082496161
0.050288436383232195
0.03786265055478066
0.029267526521218404
0.024983634530437573
0.023057337002724075
0.02037231074750758
0.01902529995972186
0.017295898353394946
0.015388061388392238
0.014784877697766274
0.016199378652519053
0.012516931656831772
0.011499568070058296
0.010707924502626172
0.00967376498672902
0.012361279985264
0.02435316863794173
0.013827417104257347
0.011487866855620612
0.009069774660006276
0.009413097921431008
0.009409199010106397
0.007422454425827897
0.01033422126947494
0.007815691174185846
0.008005129432389409
0.01572428780218956
0.009336020447809096
0.014341307385416512
0.008700251420140127
0.04232382186521054
0.02903668660224042
0.016540489443804554
0.011477185702753648
0.035088157047576896
0.016810761483853565
0.010431300065644113
0.00847663631756905
0.006989155185743748
0.008629335002879497
0.008753292335368246
0.018131837776377238
0.018594520265055117
0.019269475887777207
0.010209331347359421
0.006720527937227672
0.012349631729769462
0.06003683431279821
0.025146124225235388
0.015575562073580558
0.014919264003118214
0.011590804404157043
0.022126252629553502
0.014481097783314321
0.04531556794643123
0.017425270400564657
0.011810390326658383
0.01943030517394846
0.009190408859143823
0.008005806205668644
0.010919184042908224
0.006701877034593667
0.08734169217743928
0.058239912983964894
0.024135285566390007
0.014020615452656362
0.010429150785915973
0.009699705940207347
0.007668084330675419
0.009209717011727979
0.006801702957234105
0.018861187219075606
0.011798378594624305
0.0073013065194480874
0.007647290519327065
0.007255436287938237
0.006304060888985932
0.008025852865225563
0.012909709454569896
0.008851646411246602
0.01238808013352283
0.011762135828259202
0.006588515204687913
0.0057222216406641775
0.010716974216405205
0.044408668670628905
0.028832303844950394
0.016006918559513625
0.010665398333500721
0.007645730843526845
0.007093529363445351
0.006200438326971138
0.007363376999012289
0.018018131319185796
0.007850796350082626
0.006684414015155049
0.013043775422453238
0.008245273573892644
0.00817795566410482
0.006555337133147659
0.012619457775744355
0.00686627987655375
0.005527547155576671
0.005382567783207231
0.007008699712880681
0.006040954416485203
0.005947314077649922
0.015573120595754756
0.04070713584292122
0.018948034807160664
0.008673547931915422
0.012919841201675965
0.006861513251201546
0.010325121600006459
0.007764999037486421
0.019148781602637152
0.007558641701061209
0.006204678599412243
0.034097620764353104
0.022911663226476323
0.011295942999492312
0.008135424473424083
0.006795500168814027
0.008347365960708997
0.015039895936735114
0.006976141184934655
0.009888552845637087
0.006311537254922622
0.006212774413892448
0.00750384946686847
0.010585294691549287
0.0053915553782937515
0.012072572185071918
0.006440036312750216
0.006599082418783718
0.006907036291236539
0.022392070492945806
0.009120833644493438
0.005787573153090276
0.01022021793402829
0.02568151048874685
0.02654575181197138
0.018456931081199356
0.02736083919370777
0.020847766238093823
0.014852776237473952
0.013875565573587064
0.011104343401456482
0.012469895526745848
0.009124106133691547
0.010658922661026096
0.009591046188808001
0.007692463658941903
0.006632628098517405
0.006238053449035416
0.005891447402850798
0.006321678609998848
0.005147971561673875
0.009868077880594782
0.026883565299282694
0.007834005046614937
0.005475824477747501
0.004841199410252608
0.007281446722615162
0.0053895425434269655
0.0074659501710795
0.006685360350946055
0.0071451235143990995
0.005007277887483731
0.004739785277195735
0.01752641899441456
0.005042590125906891
0.00485583900300479
0.0055188356542502865
0.017424909732163246
0.006909671100030901
0.005592318511156414
0.012865885699338764
0.008712742856986234
0.00751825540687554
0.01680102006598526
0.005637990128534954
0.011626092655355746
0.005683856212694463
0.01774057781860958
0.01161099531363403
0.008135084669308018
0.008224471917808446
0.005898356858435112
0.005372534930481042
0.006543186745451142
0.04567990249479782
0.06693114597029454
0.036126045489244245
0.021154846497270723
0.01571870840081338
0.012855399968556027
0.012175138338646863
0.009588528986085443
0.007688594573048338
0.011480187966701076
0.005814444445935165
0.006176929480539223
0.007766253542510814
0.013092161719565199
0.007076171871225876
0.037277146038505134
0.026940209592242588
0.014914810111613644
0.011353366451916959
0.012186345484714662
0.008888143623136124
0.017417245364856074
0.007455498464091608
0.006590929004443942
0.006231055175972761
0.005930870783616429
0.020316879960886214
0.02224670505205218
0.009269075896782794
0.005452078976842823
0.006212593937006671
0.005339685798716846
0.010066685486107032
0.004935415074044371
0.010368181066413162
0.006236473665431435
0.010135747472692825
0.006969950172774605
0.005305527759565927
0.004451000876157904
0.006399511293794137
0.007631287363284592
0.009206824315526987
0.006225197581218534
0.004920987973045488
0.021649941297122433
0.011242359284963808
0.0060314620689799385
0.005286960943239263
0.006221331032699372
0.0063627383040354936
0.004820274948430237
0.011636900772211536
0.020672787079188192
0.009957911063871635
0.009060617384574051
0.006254306480319899
0.00807240725868148
0.00417103800985418
0.003953249163643112
0.005026524540731049
0.013886313884796345
0.011138237565441916
0.00957245705518453
0.009669779628089695
0.005401834092985434
0.008573378981064922
0.006628172763811654
0.008080574077569744
0.007020623866147763
0.012690005493036399
0.0062805033979539794
0.005088884448187865
0.005682732014566283
0.011014244251026447
0.004731573590011186
0.006300893243339457
0.004127050835197993
