0.002820570601764299
0.0026917872359201816
0.002614829944767588
0.0025739695149568026
0.00261058112212251
0.0026219070772204394
0.002660693826628256
0.0029006300595229707
0.0027375985416566275
0.0027843724904853978
0.0029307021218795007
0.002899511708539635
0.002974688977156574
0.003083309169147122
0.003175800751671474
0.008458257277848456
0.0042126875341092045
0.0036826788575112933
0.003730439208622338
0.0038874560831051864
0.0040951797177087275
0.0043925558659858475
0.004639601328825292
0.004952399617354019
0.005266469865793202
0.005787011598714729
0.006236300414797853
0.006570058904434746
0.0067937252746567076
0.007594424592896124
0.008269107110505358
0.00878292393141639
0.009266640221846572
0.010298658861719379
0.01106629003718328
0.011944535481377264
0.013260540948336601
0.014390526028970877
0.014973911031215602
0.01699061407132095
0.018283558266467593
0.019929463277511605
0.021707171110317725
0.023730624784551534
0.027186706023855825
0.0298988228168492
0.033742831231614624
0.039501992064747915
0.03888373721516534
0.03843566473252541
0.03774967334801785
0.03759444422657124
0.0374357138763876
0.036132727634538425
0.03644608187206676
0.03610515796792195
0.03623474808584215
0.035070828326074374
0.03530341988143403
0.035442428719182587
0.03648359797308954
0.034377529240502844
0.03544587093625176
0.03522692077308335
0.03183333302258552
0.03231336493114854
0.032140081354211106
0.032397508593311024
0.03526605026663912
0.03330743499797828
0.02918007972297932
0.02990569295675567
0.027923162287094173
0.028092032633303256
0.03296715472493502
0.037272100138028015
0.02653651996707537
0.03580754460620411
0.02597317424662104
0.03662630979125196
0.027541095007224924
0.02416356470198667
0.024347106190154167
0.02430883865482575
0.07033659116982409
0.035608287736745584
0.03272817691627625
0.02606945616726795
0.024865951458836317
0.023322573960636663
0.03147350387710534
0.027400530529407302
0.02219258900731802
0.024333503142641055
0.022772408697461145
0.029094969020103025
0.019629492267463983
0.022622021511615662
0.029101991042327344
0.02439273592461361
0.03145795612690154
0.022005970875840733
0.01885275106723612
0.01918894716988454
0.018793590876102894
0.025529949460178614
0.021362698178263972
0.026093360418558455
0.04851931935587849
0.047805417970883265
0.024584269032496192
0.019557788200704345
0.018738308258717425
0.021493625387633115
0.018143521290453855
0.1859649120854416
0.060874828712993795
0.05012912572490589
0.07307323594385765
0.04693303121888682
0.04132020634630423
0.0350001978475168
0.03227739005387945
0.030348709585626472
0.027635027943981275
0.025432190317172237
0.023354714181734605
0.02233690038421069
0.04329097768368569
0.026892027458392278
0.020881620319455528
0.018939452936475195
0.02884364408207185
0.018015383270112206
0.01974490321370379
0.02348995531738251
0.01911741222363063
0.022938499675386966
0.016244516315545594
0.01900362575859222
0.017704965564167677
0.01595915625506684
0.014984084389169006
0.015070449152773016
0.016529959554989797
0.01559765740517485
0.026011550591470263
0.02106549979749132
0.10660565906110105
0.05773510527884246
0.04896150249639031
0.041129104604714375
0.0381016129844086
0.035128236277384706
0.0331688593752152
0.031251010188505
0.028581665211430428
0.02670717075090395
0.025345054116755836
0.024934458406816483
0.020949550970607484
0.018799151991553298
0.08269812193374788
0.10757404463958652
0.06252718481064289
0.04527164553379298
0.032811487812116354
0.02760600634895907
0.0900724001493905
0.040145162053489954
0.026180247451817053
0.020773052869273927
0.019149818487311905
0.018083530125881403
0.01680671778762162
0.016434330228116183
0.015526535336542108
0.02893391909942812
0.023069810406531624
0.016353193246707153
0.01748330620804641
0.014236258787594819
0.023279055846638783
0.01608144176412332
0.055223869327246475
0.026508238145642068
0.01832280754659339
0.034286381101256674
0.03738571869467528
0.018514665745352203
0.015199979530012562
0.01618101942607582
0.013247926975862028
0.014791832333395767
0.01725880360956328
0.013404422929712783
0.05695278464017736
0.043742461499761555
0.020741722274446085
0.016122686413329528
0.02729605994107069
0.014705400401203151
0.015582477318102054
0.013170586046082585
0.013558920314151807
0.040066171151477745
0.020080134378962413
0.049636282120946416
0.030363382026901965
0.015414515149183152
0.0335076568083147
0.020722745103266244
0.01684778607677152
0.013501413375808952
0.11148505384793107
0.09382588804214635
0.070727643281333
0.054703998982850534
0.044218532113211875
0.03698309533270111
0.03262124223850863
0.06074577540661512
0.03738429299328992
0.028540906600988982
0.02462708108713118
0.022548800857549303
0.028910524417621812
0.02048410385958711
0.018152054182989767
0.017860897731259186
0.018345642126817604
0.016030836198130127
0.08207148764359203
0.05235244224915344
0.040003458072853444
0.030997163455668237
0.01948744389629654
0.016977739911038108
0.015627019131758464
0.01462713386758827
0.013763025940190094
0.015806205408501157
0.014131459363907129
0.016063755053733843
0.02807062007800749
0.015219544817445876
0.013691016146738766
0.01254237001964104
0.015009787767316296
0.024538472430843315
0.013124375351205858
0.012516458375791038
0.01463189208182447
0.01338754262433349
0.0128055682705806
0.07460729101993674
0.035304621667758135
0.0185897757424816
0.014238496869104856
0.017826769098095344
0.013384311820976855
0.012198733696051305
0.028852090075584164
0.014883808519565658
0.013841400665932157
0.021808628371327222
0.01495971048097318
0.012084725276263577
0.031019791917115003
0.01597401437834463
0.0151685161292832
0.017754732127116524
0.011418347311474746
0.03773265963678391
0.032152241933044425
0.05677039703975121
0.11840797574276782
0.06716539627045728
0.06168745857164654
0.05884271337605371
0.06216802807308538
0.051822133027435685
0.04807587421398038
0.044097067453385735
0.04022367172333855
0.036723596692671265
0.03318646279502004
0.0295968268394526
0.025980722581207306
0.023514170248466037
0.020250952293335945
0.02086690597389633
0.016598502908264763
0.018958061070212823
0.016208473029668522
0.02824039202818319
0.059460711313153475
0.026630992687234047
0.018310092795947183
0.014279059997728367
