0.016018344657495617
0.0217415110534057
0.028590045953169465
0.0351415509916842
0.03317274385131896
0.02447484730742872
0.02236775618046522
0.021003141719847917
0.0203141923667863
0.019879255555570127
0.019277362963184715
0.018928919257596134
0.018893020506948233
0.01854091396089643
0.018138037975877524
0.0182924034120515
0.018087864783592523
0.017866356950253248
0.0176652950886637
0.017475435119122265
0.0171920883981511
0.017179792602546512
0.016902114469558
0.01670847162138671
0.01659764618612826
0.016469318582676352
0.016391634945757686
0.016162502923980356
0.016378909521736203
0.01599275900516659
0.015961070698685943
0.01567543018143624
0.015641616750508548
0.015289382291957736
0.01548799907322973
0.015157969342544675
0.014971848344430327
0.014876378569751977
0.014956115682143717
0.014843533136881889
0.015045457237865776
0.014860925069078802
0.014797722664661705
0.014273274426814168
0.015199758352246136
0.013957449882291258
0.01377605483168736
0.014083738571498543
0.013789848780725152
0.013974176924675704
0.013236131952144205
0.013344086019787937
0.017110268257092685
0.013851158884353936
0.013620593089144676
0.012915294251870364
0.013085897052660585
0.01289747255621478
0.012845508279278875
0.012698308480903506
0.012166593852452934
0.016448254249989986
0.01638647723942995
0.012060299352742731
0.011502412494737655
0.012303456549998372
0.0112088931677863
0.012002629917114973
0.017071274253539742
0.010763283458072693
0.010473259617574513
0.012624975200742483
0.011268964970950037
0.01045019801473245
0.010451705870218575
0.010846064409706742
0.0110392783745192
0.016750009786337613
0.010283204326406122
0.012166202720254659
0.011539077234920115
0.013662207238376141
0.008927693316945807
0.010173051892779767
0.008603985441150144
0.01437266096007079
0.009017365867039188
0.008329409627476707
0.02123132601729594
0.01623253681929782
0.016138884997926654
0.021488562014419586
0.011125775603577494
0.011230582010466606
0.008168125422671438
0.008814748784061521
0.008583412223961204
0.01101055825711228
0.030895964223891497
0.017417138083837925
0.012869049867149443
0.01228727730922401
0.008815827848156915
0.008299230518750846
0.013996505204122513
0.0090824386337772
0.017692709026159718
0.043086644667200746
0.02950644772965461
0.01424870999995619
0.011204966225195677
0.009260378393810243
0.010429202792001888
0.038122629958670586
0.015709133944474162
0.013231062775012105
0.009013262373628095
0.008240175526589155
0.020123970195418225
0.016079684938304126
0.00965395881095901
0.01985378600889817
0.010214675115421415
0.008147342696320265
0.0093492915132083
0.0073284197761677205
0.006793042016215623
0.008822447857819498
0.033757100536022336
0.014732983233407139
0.01161824335809797
0.008978218547999859
0.011639862342271955
0.03471390018705279
0.018767281114123763
0.016439622403122484
0.01497179867234081
0.013477333192713558
0.013102962314151227
0.011335652163252235
0.010013834852725268
0.009379309111973272
0.00964161790907383
0.007956065732287243
0.00828543137642555
0.007298303442075849
0.00832239085342735
0.013111719937296585
0.008346484926296398
0.010351523442659527
0.00716786585515365
0.009138540658168494
0.006590287428698502
0.0098907662963029
0.0065849150443682445
0.005954718033899553
0.006002588323899545
0.007725830267299898
0.008030369550688192
0.011700984180206432
0.00678497389133554
0.007955154021037742
0.007000786007847637
0.008762283124378883
0.013283457565703429
0.02318800650537014
0.023514898451976476
0.012467476150486618
0.010429812680231408
0.011516879871487617
0.00706935008871369
0.005693435944849625
0.005463879787130282
0.006292155648698099
0.00643208495574072
0.006360780546092428
0.03407502238173038
0.019052431331947447
0.014996823368128388
0.024865920674055814
0.01242304967949167
0.010537721707951277
0.009131996145006269
0.007905409095110371
0.010896434861933812
0.006562529284274206
0.00642025132663548
0.01412019275710918
0.006368230367079377
0.00878069351951126
0.009284978873329236
0.039881937351310626
0.07382670274935663
0.0288740152772516
0.02287660269998014
0.020805066088214516
0.018430761359632016
0.01753037197049707
0.015704646427184343
0.014857509334105998
0.013638967571314425
0.012697554086335003
0.012475820931140334
0.011386531400494277
0.010554576956201345
0.00952498943428509
0.009013266789261253
0.009243009112542494
0.02532760374015197
0.011222955018747599
0.008226729475427418
0.00850957420305349
0.0070573930779937654
0.007348613503854722
0.005971215676981956
0.009903221345157363
0.006979394197114744
0.01034376338357106
0.005824529004748911
0.014315681706066244
0.01362158044008538
0.009111310677835717
0.007833434689673595
0.010277078374056146
0.005571909210993908
0.006124568977975286
0.006544137842720375
0.00993056378851179
0.014958737315610052
0.009748086208710448
0.0064700018503936006
0.006075303135439754
0.004905194502789527
0.006362124690786004
0.005243998389923945
0.0058514691278105605
0.00535343328025192
0.006361780618899502
0.005712920861551538
0.05423637550091371
0.0263360924879089
0.0213314271857962
0.016872438001446426
0.013121050354093312
0.01333884209394455
0.009866282510338352
0.008771257231710478
0.01029632889549248
0.044534222837537524
0.05758676651865244
0.05613298093900085
0.055160766486078504
0.0538688469491899
0.05062301352620125
0.042234545359388
0.030011379774659872
0.024833815163001417
0.02354442620649934
0.022284598569385708
0.0218302780110389
0.021097038201987744
0.020928672584705054
0.020788199421949684
0.02032963593956083
0.0201805462827906
0.020133812529966235
0.019911909461952745
0.019938480043783784
0.019628129256889223
0.01952948108315468
0.019376955879852175
0.019345927266404033
0.019064449816942216
0.019019685913808645
0.019094651397317648
0.018936797315254807
0.018810931118205188
0.018513893820345403
0.018429852561093866
0.018374963337555526
0.018296874877996742
0.018056138646788896
0.01802884737495333
0.01782194321975112
0.017535251025110485
0.01751302928198129
0.017135702520608902
0.01688046521972865
0.01649571060668677
0.0166009207861498
0.016153726475313306
0.015843742326833308
0.01611845415085554
0.015590512193739414
0.01590294066350907
0.015283197932876646
0.015086964420042932
0.015317056267522276
0.015093685819301754
0.014869654634967446
