0.016281215557828545
0.023012141212821007
0.03206127004697919
0.0438015990331769
0.05526294238865376
0.05454385533928871
0.053384568430483344
0.05030462268739939
0.040525137037038805
0.0351320587284863
0.03223129767924547
0.030008660964667797
0.028471307046711445
0.026742627155035736
0.025111584067344664
0.024383888710290194
0.0236228409036994
0.023116590986028314
0.02274769388139248
0.022361580366268754
0.022000646311789752
0.021761956214904784
0.021510801799595355
0.02127859964966774
0.021293649896979332
0.02095165933482349
0.020859651453793048
0.020693435594439508
0.020682363510131835
0.02056200257502496
0.020349931847304107
0.020448294784873724
0.02018049136735499
0.020186677975580096
0.02018568566069007
0.020093767987564206
0.01998029633425176
0.019994611907750367
0.019767125882208348
0.019696389846503733
0.019824252072721718
0.019821153562515972
0.0196561383549124
0.019558274121955037
0.019586782567203045
0.019464316358789802
0.0194054189696908
0.019563094163313508
0.019629998570308088
0.0195005111861974
0.01935785778798163
0.01922894679941237
0.01934454221278429
0.01932227033190429
0.019248122479766608
0.019347528237849475
0.019273788519203663
0.01904178467579186
0.01909408649429679
0.019292496852576734
0.019169030264019966
0.019233484771102666
0.019106317348778247
0.01897351154126227
0.01897583200596273
0.01899086471647024
0.019309268305078148
0.019026363333687187
0.01885451264679432
0.018835495030507445
0.018816643692553044
0.01903382488526404
0.018869633479043843
0.018859280673786998
0.01890912862494588
0.018799034971743823
0.01888475145213306
0.018880086224526166
0.01880939963273704
0.01885614519007504
0.018829065887257457
0.018637860026210547
0.01861230093985796
0.018645400227978826
0.01861451336182654
0.018899190817028285
0.018737590480595825
0.01872019444592297
0.01878793598152697
0.018673934759572148
0.018660668283700943
0.018525975467637183
0.01856655237264931
0.01855336915701628
0.018850114820525052
0.018515678886324168
0.01873506880365312
0.018684699665755033
0.01852709449827671
0.0186727586761117
0.01854944197461009
0.018534812051802872
0.018607426350936294
0.018438625540584327
0.018428764212876557
0.018396603940054775
0.018557945881038904
0.018385445848107338
0.018430690094828606
0.018382407687604428
0.018405121956020593
0.018314052615314724
0.018519839933142067
0.018477387195453047
0.018343689953908324
0.01850606480613351
0.018544090325012804
0.0185752497240901
0.01815813662484288
0.018360229367390277
0.018602696070447563
0.018322143331170083
0.018379638865590096
0.018371924040839076
0.018328726030886172
0.01814459196291864
0.018279205448925494
0.01826824463903904
0.01823281593620777
0.018172003449872135
0.01842733775265515
0.01842918128706515
0.018374229669570922
0.018334716334939005
0.01799953682348132
0.018110623629763723
0.01825531874783337
0.01808937487192452
0.01805408309213817
0.018155737863853574
0.018232621327042578
0.018197210421785712
0.018053406151011586
0.018182160295546056
0.018219167264178396
0.01794903420843184
0.01806653128936887
0.017954844320192932
0.018124636178836227
0.017902522468939423
0.017950251502916216
0.01807626711204648
0.018112292354926465
0.01791903137229383
0.017876994051039218
0.017943304888904096
0.01797369639389217
0.018033268805593253
0.017922738203778862
0.018034034948796032
0.017918925983831286
0.017776003573089838
0.017996404571458697
0.01780460646376014
0.01808801682665944
0.017820955039933323
0.017937411265447737
0.017820188608020544
0.017745800530537963
0.01783006717450917
0.017965285712853073
0.0176951983012259
0.01781265642493963
0.017863594368100165
0.017729985285550354
0.017704693833366036
0.017722965804859995
0.017769327759742735
0.017828551959246396
0.01764482747763395
0.017789164464920758
0.017668317705392837
0.017733179600909352
0.017606689427047968
0.017953641647472977
0.01763955400325358
0.017545275827869772
0.01778866272419691
0.0174966636672616
0.017814131639897823
0.017509280480444433
0.017449101833626628
0.01754087314940989
0.017573279207572342
0.017546045985072853
0.017400062074884773
0.017501172916963695
0.017526251338422297
0.017407038612291217
0.017382800513878464
