0.0001539527642154804
0.00016946912256002027
0.0001885742966865492
0.000218305005954424
0.00025330568768427313
0.0002958536639436427
0.00034999220227963015
0.0004055968975505757
0.00047200990508410593
0.0005363524620389679
0.0005966234003548906
0.0006492057865241838
0.0006764820226524994
0.0007273261051132153
0.0007861147466862017
0.0008314138632099074
0.0009135782587283213
0.0009426609296123192
0.0010247326206587796
0.0010883395326711134
0.0011720365354253815
0.0012277841903095212
0.0014298860315248702
0.0013899094669668386
0.0014929858220754208
0.0016003041490085562
0.0016261583510198778
0.0017554323356511576
0.0018865027833212097
0.0019376197820050625
0.001999957681465981
0.0023139788136517228
0.0024695267240412394
0.0025114973916706986
0.002668580109423253
0.002943294918138499
0.0031741454263835727
0.0031806101933313166
0.0034550110087077195
0.0036880614308892777
0.004050378990142006
0.004411546633117528
0.004665896758354469
0.00493181166543721
0.005258480144586309
0.005802268926141278
0.006279708963392355
0.006664932253944609
0.006510498027195371
0.006361964173945729
0.006246684156097124
0.005877312985966939
0.005780103563104765
0.005680941056164208
0.005628825271954742
0.005637896323911672
0.0054107106107974725
0.005577757606439501
0.005443098822121169
0.00532019198175833
0.005119394289033714
0.0050987468349146785
0.005087263852784358
0.005066679141083819
0.00499261401280343
0.004734550924780213
0.004685259327318554
0.004765164495498011
0.00494085321916598
0.004431717623260186
0.004739178523038314
0.005318283797546386
0.00496288981706461
0.004318430653673153
0.00432455586595896
0.004300473321002917
0.004453353717635934
0.004138181491963844
0.004170364210660631
0.004174060592967495
0.004517097724057629
0.004306351776326197
0.004127373134447523
0.003998213033648817
0.0039343759069375905
0.004154761898479312
0.00382493175979634
0.004014748920007635
0.003898893715813756
0.0037199328816713436
0.004093654256827573
0.004143362351318943
0.0037148275671561606
0.0035367853750222335
0.003429946848670038
0.0037314080944389244
0.003876409989511855
0.003630170922848248
0.003757223411828767
0.0035033326902835864
0.0034009330910325887
0.004863921273282129
0.0037598389442400817
0.003253958516571427
0.0032061513705901523
0.003219313043165325
0.0036963470275818465
0.0032958353240756647
0.003371626294814224
0.003933661566202955
0.0030673203068332764
0.0031341402089684577
0.00323980931621306
0.0033196279317767264
0.003351892340301632
0.003042340116514433
0.0031354122568861905
0.004010108215777883
0.003473471444879145
0.002921097639351909
0.0032503981204163807
0.0033753353196074405
0.0028495575795298286
0.003452074065016774
0.0029646367162126596
0.003087786661687298
0.002823911749792642
0.0029139907673767238
0.003394393432585122
0.002761600334001444
0.0036889195586902864
0.002893166675038688
0.003126991818611136
0.002894806608701316
0.002764561240752793
0.002723069912122963
0.003003064651536172
0.002816288636792799
0.003552201923165714
0.0031336127567131106
0.0027095400336607594
0.003155281674769646
0.002802991935500231
0.003545287111719687
0.002790823559250648
0.002605863635223707
0.005099784321734838
0.0030579718219325225
0.002606350552643188
0.0028654435555946745
0.0024839402105720173
0.002588232576620774
0.002478562566347281
0.002715292449270279
0.0027157895998141477
0.002380260780440626
0.0041584436059276635
0.003167296871847569
0.0026331639633226755
0.0025174749735525207
0.0028477834073052017
0.002496531945283342
0.0028143866242249017
0.0027770443980486316
0.002883406386984878
0.0024592692079240127
0.0027914505313742454
0.002449175198758282
0.003136032814743154
0.0028657194756833123
0.0027985530600787324
0.002826770935664563
0.0023510197379352157
0.0025748523435268167
0.002658312513588745
0.002429117532403461
0.0025689774094950235
0.003015085910098784
0.0024681444852134196
0.002320346933306482
0.0027050022389435114
0.0022098581672746202
0.0021737198626609502
0.002479724930359973
0.002257131528605437
0.0026096610682059046
0.002582514436075586
0.003335909959566388
0.0030104347747297974
0.0022554537275954038
0.002029704981838205
0.0023330731209145563
0.0028237852438735976
0.002577821880515891
0.0031050146300624186
0.0022997179043601117
0.002400130188532139
0.002416425593475872
0.002643769700515354
0.0022965931125794687
0.00226574309880706
0.0020529471039141
0.0024161122736051054
0.0023628715610688675
0.0023426632641675386
0.0025993611480797005
0.0024523231196521876
0.002678110947501715
0.0024932819573920237
0.0027435327870292572
0.0022123409641871803
0.0021426320178260174
0.002431571031550694
0.002166561772568134
0.003277288867861346
0.002005979289283332
0.002168926708759287
0.0022071479084231306
0.00248946938674601
0.0022647662173138463
0.003486491441639645
0.002932317477703164
0.002075943129711619
0.001954166991929915
0.0021990248571676593
0.001994023852433278
0.0017903240152229946
0.002696554527931333
0.0019194349634600368
0.0022867523420985057
0.0022527151806367054
0.0020579892579492215
0.0019673917694974724
0.0021343247102199245
0.0022428330625886114
0.0019569565502874486
0.0023128643363200686
0.0021437811515637823
0.003228185456311417
0.002625625024040482
0.0022260326458028055
0.0022686548818285778
0.002014414144018404
0.001891246696261724
0.002583815787742611
0.0026859931365443204
0.0017558074024262202
0.0028346116561007418
0.002577593924899838
0.0018628616020340194
0.001822464893491521
0.0021771043212649144
0.002046879899370371
0.0019342447535861632
0.001899982635562839
0.002107908706361358
0.001928574714328763
0.001847361027052034
0.0024956825097356967
0.0023031124032415868
0.0021529214660132253
0.0025693506636726452
0.0021490119041322306
0.0019747623518244235
0.002051754994698687
0.002329063528080288
0.002168548230308099
0.00188302469361469
0.0018529709576515952
0.001921324797298881
0.0017688937453122235
0.0022443402245766963
0.002243265829475544
0.002417359955904779
0.0020616807693084613
0.002052059640267986
0.0039881409116515835
0.0025777536592333115
0.0018765377615160683
0.0018548438935888775
0.0018174331047720162
0.0020591570806981143
0.001827218366904341
0.0017212763829613715
0.002032886025067158
0.0017105353863966417
0.0034645324234010774
0.0018006405452044385
0.0018366714308438736
0.0019335200510718904
0.0017484257032520302
0.001958172947329373
0.0017765170568709097
0.0020431734898419198
0.0020600346924256204
0.0018662535585463047
0.0025698853271499834
0.0019433606507378483
0.005906716650069004
0.0023517138539556693
0.0018440023772897216
0.0016294212586999322
0.0017146598090739729
0.0014768051729911816
0.0014582574770080849
0.001567644960623426
0.0019372836477232
0.0042954754809496455
0.0033031914766146757
0.0017900906218146191
0.0016815687682605828
0.0017181494690490903
0.0018901396662466855
0.001966033465986218
0.0015527153791311398
0.001833841945294935
0.0017098178515846136
0.0016801828256303392
0.005247486596948806
0.0026680090182861224
0.0019346048835682395
0.0018161636511751704
0.0017684197287775889
0.0016526066465303302
0.0016613361707488161
0.0018221426411927895
0.001940572475492258
0.0029472668147123653
0.0014469215829169082
0.0017905469184684802
0.001627363436463698
0.0018681593747400444
0.002059654785302755
0.0015046315895454417
0.0015286179838776067
0.001639912530527424
0.0014876810804979928
0.0016520324488992968
0.0014830574972085028
0.0019129979852304105
0.0015973319192351687
0.0020402393308707524
0.0020500723289969924
0.001417694163724136
0.0016230042949297125
0.0016670816000790344
0.001567854202204497
0.0017863689164552734
0.0014635426923632622
0.00228850815905406
0.0017767435994551944
0.0013589821373728305
0.0015597953020473159
0.0018361668253674337
0.0015952731308605625
0.0013193659651393472
0.0014840207453251373
0.0016077848474460297
0.0014579522305942863
0.0023346729018990926
0.0014783307071122402
0.0017111319942491252
0.0015031412688832487
0.0016089260813978144
0.0016890257345643068
0.0016062902517847404
0.00165852396580321
0.001836021664165065
0.001638750318561846
0.0016839249156389352
0.006474201461391645
0.0022665452077184046
0.0014691820167435908
0.0014560071638051995
0.0014966197051303723
0.0019334850881235657
0.0014856304851236588
0.001358168538840418
0.0013824265788061213
0.0013282225426736888
0.0017379897363183619
0.0013205259743257574
0.0012426631975044262
0.0017545268735978926
0.0017403453275959537
0.0015269102233301012
0.001661567938150664
0.0025128953506469414
0.004839385339607285
0.001523859005624855
0.0013839375223881766
0.001349809120553894
0.0019659229222941865
0.0027000425719638644
0.0019055546125914971
0.0013861552110131152
0.0015199048155358401
0.0013262663745412726
0.0013346502556852893
0.0016992460018585252
0.001631912624106577
0.0013449594740773264
0.0013732139756097938
0.0019067978126292822
0.0014338191798844628
0.018401935595690457
0.006738970025712363
0.004013014650494556
0.003183441053832246
0.0026225982648407534
0.0023683809499021307
0.002016030475290527
0.0019150808144569676
0.001929202096625971
0.0018012574741945418
0.0015124724605327438
0.0014364647977685155
0.001738686521187268
0.0023483895779931136
0.0013846271433628156
0.0012825228699274082
0.0016608932425450776
0.0019254777504340093
0.0013107426679980392
0.0014671197183654323
0.0013825545426366728
0.0014106660374662203
0.0026521707697832416
0.0013328682803701191
0.001277453226100427
0.0015078615359135111
0.0011783785692081029
0.0012265296395058596
0.001370153309087591
0.001164427827053625
0.0012682028332122418
0.0011487271975090501
0.0013531678134279552
0.001294552021068042
0.0011319811314466262
0.0016645814289956867
0.0018752354847824323
0.001808835513656959
0.0012476833381637861
0.0013124847361136872
0.0016517913070720595
0.0012628068043426045
0.0014626867639414409
0.0011979396854555583
0.0012996938766663562
0.001342773423084084
0.0017820332457325594
0.0019996682895678224
0.0012811015311913634
0.0016358447248642724
0.0013517435241890985
0.004266132241839578
0.0039584125140812425
0.0020924883872318455
0.0019003124450655462
0.003795389345222562
0.0018813892403099616
0.0013121218061799217
0.0012284946052910255
0.0011832962558163051
0.0011333002167303447
0.0023635640951465363
0.001716267288701661
0.0011449647209472154
0.001364175129081253
0.001129524104479944
0.0012266708841350443
0.0012665723606064985
0.001301972275337631
0.0013412421465324779
0.0015224846637950313
0.0013597147992407362
0.001325833117513195
0.0013509114789961463
0.0010760923663685185
0.0012837061283143812
0.0014116351259328321
0.001281169374804143
0.0012682084696994068
0.002019504112926982
0.0013046089739856424
0.0012299865505997543
0.001192146224061149
0.00213574217447454
0.0014961107838550739
0.0015386884466845054
0.0013018619580842797
0.0015558140862637383
0.0011418548190398315
0.0011223450813890722
0.0012734998762825172
0.0013099853742256256
0.0015577226558974378
0.0011835339017839076
0.0013462052049243683
