0.00124308387387794
0.00041188471772733866
0.0003127243479765538
0.0002744285829302734
0.00025773983981236125
0.0002480531949442121
0.0002427414392177188
0.000244568521372491
0.000241777614199371
0.00024053651725774184
0.00023882756162223545
0.00024215167609832456
0.0002450765768352775
0.00025254351944399616
0.0002565111809181636
0.0002644183486727006
0.00027140005719653953
0.00028063184409229844
0.0002943910364626424
0.0003055553376422419
0.0003361300111498201
0.00046534063316088306
0.00043287510763750307
0.0003714493243562713
0.00040012385391121453
0.00044433193855824085
0.0004083500790767613
0.0005358035061228158
0.00047391966088778444
0.00047677424946515303
0.0006070684542431047
0.0011714192854318146
0.004540870834144125
0.009226701774254994
0.004039809545415833
0.0032026912991164457
0.002572815708979895
0.0022413013050229186
0.0017406332588978802
0.0016696601998302395
0.0017817497417261755
0.0018663059319671312
0.004633241053347269
0.007530917961115914
0.004051238331831647
0.0034475224248901076
0.003956844375891335
0.00537891469462516
0.005689494461640371
0.006086455011326406
0.005562759290720957
0.005068841270662637
0.005608698471742509
0.011828988975914265
0.049446044886415755
0.019937431060329632
0.014489850188881435
0.012389513038754187
0.016530865755932475
0.026191362792074128
0.017382004255152964
0.012703432296230286
0.011355035994374365
0.010347711310411492
0.009126244546172934
0.009209539032006567
0.009270483276513577
0.007495510892045719
0.007104696761989208
0.006614521070366242
0.006478032705167102
0.006320896071243893
0.005607242644247081
0.005552337615949067
0.005428946162013475
0.005512458364979399
0.005368190961976156
0.004990597943240708
0.005230789357382391
0.005352323433962064
0.006135475286605975
0.004688274068434516
0.005486755118235359
0.004938230455822863
0.004835389265079155
0.0048814851696887575
0.005068167522916122
0.004694522249068272
0.00467334082134551
0.004554085419470168
0.004930146879309582
0.0044944545052540315
0.004502766277895447
0.00829364980260531
0.006630787788674718
0.004924315984007316
0.006668877060292289
0.005417422875460169
0.004797210522358202
0.0047629342384256975
0.00491617106147007
0.0045510933538295195
0.005253954987791885
0.004628935253195878
0.0048705823897358235
0.005143338807910267
0.004759930982901197
0.004156616562222889
0.0045329438208783455
0.004462338150780717
0.005090466598091923
0.00542479898905623
0.004575772622181965
0.006799445068787059
0.006822678216310494
0.005788033083296829
0.0049138495550896215
0.004392643093187535
0.004972526467301779
0.015325970523042121
0.009063669551526092
0.007204009904483057
0.006020931924770896
0.006234461200182085
0.004928084744110324
0.004935037792569751
0.004657722946528035
0.004728752241741556
0.017482314558475518
0.014141445466386224
0.006869001139421016
0.006523704707096504
0.0053943440003355065
0.005538375703272996
0.005473301158484968
0.004864186681246523
0.005136716611795472
0.004748785746482166
0.004662276648256618
0.005431990797795287
0.004772775017988385
0.005416209585274811
0.004727448492000501
0.009748671810720462
0.006132996617385221
0.005515162091426275
0.004762958121891306
0.005906138841830263
0.004846337369397386
0.004396190233550173
0.007465095203736349
0.011095682684013067
0.005076500746697464
0.00461980367577376
0.004940017744687524
0.010667636210133356
0.00568945253056612
0.005502588833527018
0.005112717685362979
0.007425434378631137
0.005997105456858494
0.008700758389076564
0.01667294184315122
0.00874623730002592
0.007667102644013034
0.005753847437854683
0.005214303529269442
0.005002144221820075
0.005406143563083821
0.004728465688121678
0.004576030865320246
0.004471406133638488
0.00633727711909968
0.005105279523478303
0.004882131655769491
0.004368517285911366
0.004778277576271513
0.015943935714420623
0.007124715879197336
0.0051599255875097935
0.005033572502994772
0.005502751598315727
0.004329489081606476
0.004604553586600728
0.0046235903627584105
0.004449259329164677
0.004530009252549563
0.0043127693610990215
0.016638775768957136
0.018050847807899117
0.009751616429572028
0.030944382599382488
0.015238654394461601
0.01042102771828434
0.010062583955004811
0.009158367644650516
0.006776988351096709
0.006101325518641345
0.005661953704138459
0.009726914654796323
0.005774359342736985
0.01325255262242906
0.014099106321939163
0.0074390179231866365
0.006464325053255177
0.006161110800113184
0.006582924408441478
0.011104898949809096
0.008644138788373244
0.009264704305678606
0.006128574095243864
0.005569170796122678
0.00524386217175224
0.004900853740292843
0.008521695292546172
0.005242320041698231
0.004823966947798099
0.007498608868681239
0.005582710889737225
0.004887307075141171
0.006310027646745935
0.005162214041640119
0.00449286123815303
0.00438374273168544
0.004269878510967828
0.0044120573713573525
0.004449247989449995
0.00449754218021149
0.004324001501555796
0.004467813026470442
0.004237635455663419
0.004088731523046995
0.004382381101971044
0.005452779007437466
0.004527102750553577
0.004817284346683192
0.004589373399977814
0.0044865092527793925
0.004347124874281387
0.015896503154955874
0.03468831959697935
0.012174109225506309
0.009547106249050962
0.00794519085536228
0.00726235746966537
0.006222548301728374
0.005960128481361877
0.005545831647598081
0.012263924394372024
0.007235099759849685
0.005687124201493269
0.005144440192789598
0.0063307926671027585
0.006014691822066972
0.004833082765496026
0.0050028851072528155
0.004928476140506704
0.0056749716523982995
0.004778665271630787
0.004477387952782145
0.004480909977078058
0.00426103397115151
0.004663618939553594
0.004458184089916931
0.004656073833488066
0.004220402074106796
0.0046601519026336505
0.004529452233799492
0.005674709061471124
0.0048362690011142856
0.004495059087208507
0.010136707773199305
0.006144851179905581
0.004691119300399872
0.004944669692863331
0.004110782764015581
0.0047906924322618305
0.006101515548329594
0.004521242750342935
0.009960709024906263
0.009043422175131531
0.009299544732871087
0.006249236118660688
0.0050944203221998
0.0042361150548526055
0.004267748511025544
0.006636002115556039
0.010188692678369719
0.005387320381015781
0.00449560097466154
0.004501112807365307
0.0048255326659677345
0.004864356992550677
0.026047725816843687
0.011997948842623306
0.007984040123927925
0.006765659071755147
0.006045459470004533
0.005417594218333425
0.0049691197076484695
0.004999988772194936
0.005665135390935811
0.007487555616535246
0.006408172749043269
0.004869382666247138
0.005206570132739014
0.004958488097785179
0.004504793174284579
0.004713515301571331
0.004506223950927422
0.00443267706550951
0.004256716187228449
0.00430025140802307
0.00464913572661182
0.004971743627619516
0.0041287549425356295
0.004255552941618522
0.004287672520688459
0.004363883088377339
0.0058967717664523255
0.005260810302354878
0.004559913073468057
0.004533702514082607
0.004925301227356411
0.004836482577418253
0.0045965324130116236
0.0044612178678141426
0.00419705179498393
0.0040756230074394904
0.004130045430631273
0.0044194604361783366
0.004217683905153535
0.004109242063283024
0.004219446010042534
0.004118695738186405
0.01209529355940133
0.02851864110885395
0.012075755602887107
0.00998943007801211
0.009052665736008849
0.007394795188533694
0.006442778652180331
0.009079600781357536
0.006061103146445627
0.004959039448294789
0.005704196209855446
0.004930169774322874
0.004707104152961013
0.004737902528076019
0.005069365442506279
0.005703453517290419
0.004967909647988294
0.004663537916106482
0.005059078955565821
0.005200401106978663
0.004436755165375804
0.004473089861912066
0.004342232149038291
0.004233770637290069
0.004553144213989274
0.004151954582387892
0.004195884384831448
0.00398878887925228
0.004695942597377494
0.0041238061832565885
0.005167882890587121
0.005329734109518877
0.00579271313768846
0.009629733707428116
0.005650029956423505
0.005144103745503041
0.005336069562838896
0.004367428473886792
0.004309850028086522
0.0043693829718028645
0.00413729761957829
0.0038896761096246474
0.004284214141080156
0.00447620460235393
0.004215117661967977
0.004155301186040527
0.010255633729415152
0.00820087101224258
0.005042079687377231
0.004634691974152466
0.004317656016576587
0.004091371900695203
0.004345963525271078
0.003986538111887596
0.0067174147773551305
0.006304783761691026
0.004597882795173468
0.0044575761270674846
0.006511895223175762
0.004156865410213532
0.005212140073935088
0.004319105733345539
0.004727895770985115
0.00423970374093322
0.00428899104331827
0.0037846244161267315
0.004876929515847695
0.006607919780502992
0.00490307409199886
0.008888391341315582
0.0057337723879350554
0.004138484474862236
0.004395993984265563
0.004233785708762567
0.005058384184613479
0.004298465817959772
0.004466999846044928
0.005254211872751411
0.006940397717429463
0.004897020377770618
0.004649079606881262
0.004697515258966532
0.00873333777094053
0.005532915818211795
0.00715899747296202
0.005197427440348461
0.005816397217266193
0.005530824897707337
0.00483752752404177
0.004335551469315154
0.005787637981012705
0.009713469782447512
0.006768498119156531
0.005837078559798775
0.004973765979499418
0.00445245336245366
0.0043048854169211595
0.004277337419032982
0.004153158193932743
0.004673493232716013
0.004250049701551217
0.003948408355224981
0.003894872692331706
0.004211414859768141
0.007125280386794152
0.005162224434402392
0.004322985239451993
0.015806349942943564
0.006850689204401095
0.009521047474764701
0.008418142301875545
0.008374904883870235
0.005795788079181134
0.007797877683683678
0.018351730261066998
0.0065120350789382225
0.005004412549573721
0.004893211633316241
0.00483849463893825
0.021237687219615543
0.022402946811376348
0.011903476444314475
0.00911401747725904
0.007483513861963594
0.006801958001839618
0.005674080767979224
0.005906880995974428
0.005841750502845066
0.0052670145480617605
0.005043142344759501
0.0045141192504498
0.004701421548681402
0.004536088605635558
0.004591853925915159
0.004420992563138026
0.00463958415127342
0.004553588338981003
0.007000791910858998
0.0048420397571236305
0.004440982342607135
0.004090801636468516
0.00440320811564258
0.004117722589634704
0.008323066434564276
0.005387462928343599
0.0042753389393005315
0.00447147709254986
0.015064320893509797
0.007106837881211605
0.006050023166204078
0.005474494017781345
0.005329107576808719
0.004649364232102892
0.004620097616915936
0.004848388063018555
0.004268577861862637
0.004224802469252609
0.021907738449819456
0.012293174552420775
0.008606548571993632
0.006853798760049459
0.005900483726118518
0.005875932559353748
0.008244753280585562
0.005427925286952544
